ra dec
2.336540866873065 3.5060330313369303
2.7226762162321734 23.26803347740727
2.8766518027169354 0.9644157506367663
3.1604143440945336 23.05801215635276
3.226048541982209 19.61888836467772
3.9166382033940295 17.011261514796733
4.262017712679835 25.09990314996158
4.435188603330062 25.52323120799897
5.354947054815625 23.173660234595335
7.045475080367169 26.419638929191276
7.322059872949049 2.77217878693705
9.107676976137554 1.216229403447504
9.748644521469473 -3.666880776869091
11.376789558805001 12.900919615247554
11.723483608613492 5.568559496725259
15.18421097556471 -4.136382554114576
17.82789666041458 23.96912361568405
20.423303166080586 11.830672386120733
32.76740539954858 -4.890305059372031
34.41864669317423 -3.841477935195429
40.11135393104274 1.7155295568397866
129.46136596967526 6.60934044368806
129.7475010129088 17.252935499430897
130.32562420662737 1.9018392916306026
132.6502901605819 4.1362462100469255
135.9318045107045 10.384811152929124
137.03217166762676 12.002885069590162
140.32703865274894 29.959785223261715
141.96160194588518 20.050837516414543
142.9505674265741 23.81030018819584
146.47667237715189 -0.3406173228618143
148.90959910876032 24.222690389146255
152.07728040706365 26.74304441608044
153.06829364079636 23.204063042801188
153.40601645997972 30.352216518373243
153.51327742206752 25.269077976488745
155.4040955359846 0.7704062553361014
155.58884858837902 10.43993734208513
155.98893908458035 22.586854900124468
156.66427441936372 27.825429701198864
156.75108243212378 29.16062591580031
157.14182038574774 -2.6165715345003786
159.88157485056644 23.322824652537392
160.97926975048065 23.36677882112542
165.27612008074527 4.129764746081109
165.77342276546827 22.95855500620678
166.1156966916215 22.995969883763404
166.30896970193896 32.56022109868832
168.52849582150697 33.19454388705175
168.61912688167342 28.01697044051296
168.81800253359918 25.364879804721593
169.1012739283235 16.68241807289122
169.9483648400045 23.594324494896757
171.0112596865739 23.61273700795024
171.26840939131648 23.609619208608965
174.17768696674062 21.076282415712694
175.53129696670277 21.752263777950226
176.75665447570486 26.734541159277832
176.9471729979406 24.412697127851438
176.950146948702 27.658053867193452
177.79563478866322 32.4970257281419
178.5037846628132 23.845293057755775
181.8723497647355 -0.5373236082755878
182.4656687369536 18.16856834841895
183.27985955346583 22.274411050231066
184.95745321085883 24.908514459725218
185.52305063530784 13.142018473605296
187.7533956377485 16.142953563486884
189.35519086059043 11.699593201986588
191.71752980473678 32.6229518880047
192.6357318153852 2.2755990842368625
194.48847157583162 32.49147018887269
195.23141501291542 4.097740575751246
198.50515528741607 30.244174265843597
201.36302130496983 7.823737488298922
202.98863151004738 22.35179841611041
206.28351642597931 -0.09073353043404532
213.41502312105968 25.34154613022563
213.50333977541413 16.41037955311922
214.07567345262913 14.923861083860476
214.6724745748872 33.54606490528084
218.9315343963492 16.82341294998167
220.98704976229016 25.029040728593944
221.58724420657248 13.997364311594769
223.28409214501062 27.74238812166263
224.08344070934487 21.71875538021862
227.82833762111127 24.770115602654467
230.75781096797277 16.612552108102246
232.77245964909093 -0.9707203485552756
236.52796463770534 2.1092882908829003
236.87071875018222 22.50039505355142
237.36731076990617 8.282134165589895
238.59937142603593 7.884742276370066
238.60889958475008 20.091031391012148
238.6484996268295 13.87702401668009
242.00045391763754 14.312445454960455
242.1925168912199 10.485498371307818
242.8061144995289 15.377947807028987
247.2400920505578 24.915515034383823
249.2651668778267 18.51212117063128
250.1343011821972 20.333045726392548
250.87424711840998 23.782504930533115
251.47568987238446 16.948791133171525
254.07989484173675 17.644601843505402
255.4935343278658 28.182890625669103
255.94933165364313 20.069292670700545
257.5331807215534 23.748177824555274
324.4780133684334 7.399458894024211
326.24845522771227 2.22223420859843
327.4003937860751 25.888074169447275
329.35953163095655 -2.790779676034188
330.48447700750165 10.216230527313614
330.7985017607957 7.800952670995847
331.5127141499344 11.023063999298149
335.25451578489594 12.854955441450002
336.1469758471366 -1.9418102548708056
336.69390014267094 0.8698033767385306
336.9283393940114 5.472730235934167
346.1325991580898 6.625309431053187
346.19185563091116 22.128924700118734
351.12048764172727 14.782971653936006
351.1944586734191 14.008055324243337
352.0832817113758 8.354710456894429
358.2937023989153 5.0584709940345185
358.9505726581555 25.723819798967057
2.430711 1.083279
8.541733 1.230685
12.873854 -8.71805
13.961489 -10.31825
21.535299 -9.42535
25.041254 -1.151419
29.59993 13.206715
31.06404 0.736756
36.121258 -9.314363
44.226775 -1.248739
45.049683 0.590977
46.480884 0.364768
47.840711 1.193806
57.379303 -6.439182
59.885577 -6.300975
130.010019 8.302705
130.666497 21.786201
131.634097 6.325124
133.645972 7.34006
134.072027 6.179274
136.053889 29.357054
136.329344 1.045772
136.399085 -0.677725
138.488584 5.375209
138.539417 3.831351
138.694479 27.754619
140.158666 -0.080693
141.171207 28.791758
141.958007 26.830982
142.976392 15.215419
145.841551 4.403347
146.56316 27.606501
147.654066 5.632076
148.496777 17.349055
152.895392 4.230753
156.335226 20.492676
157.286686 9.675643
162.964345 -0.854905
163.014795 15.324886
165.199635 13.71888
165.24046 -0.884586
166.229892 1.315728
168.472801 15.875758
169.081973 0.796287
171.806885 8.638419
173.040301 4.795045
173.570044 -0.317331
174.663846 3.090927
174.678508 -3.234234
176.45945 3.298133
181.577169 23.561038
182.438363 32.283642
184.185672 21.899777
184.245665 0.198259
185.418898 18.394487
186.212317 32.449091
186.848986 13.879304
186.864484 -1.366166
188.06319 13.342437
188.718741 -1.998803
191.325376 32.971992
193.371109 -0.903021
194.276961 1.844236
195.782179 19.710056
196.645829 19.047942
197.747506 32.559548
199.408042 10.407698
201.48961 21.879667
202.793703 21.245146
203.561841 11.70598
204.938546 1.333091
206.283065 -0.316923
206.386529 32.887017
207.231546 25.981773
207.361172 21.692392
207.411924 13.062713
212.377307 16.527772
213.916803 21.342206
216.169641 14.08682
219.677229 19.266977
220.159712 8.676418
221.761966 27.629643
223.339697 12.940747
224.551411 6.380398
226.041833 2.323758
227.532428 2.775369
227.737516 1.073257
227.915184 20.730618
228.577025 8.257216
229.391622 2.999127
232.925342 13.476277
233.088961 9.303429
233.234517 10.377572
234.661282 7.660818
236.030202 28.452821
237.749556 3.266539
238.505904 30.083739
239.214121 32.168935
239.499927 24.704727
240.217014 7.779602
241.392223 23.1639
243.501278 -1.168353
246.623967 29.622156
247.851011 25.515197
248.496242 22.758225
248.712924 11.313664
251.038717 25.858038
253.233633 22.679534
253.613104 20.564036
256.356453 19.789661
311.365433 -0.543401
315.339665 0.191023
329.934705 0.091061
331.816203 12.183411
332.251878 -0.955616
334.08023 -0.408459
337.150999 -0.534159
341.385515 0.982757
345.703672 13.764848
347.483372 -0.044366
348.896017 0.024375
349.281385 0.481896
358.088298 -0.857208
