3573.55   9.02512
3574.37   0.0710046
3575.2   8.26104
3576.02   8.55092
3576.84   7.76417
3577.67   6.40051
3578.49   3.22115
3579.32   9.43573
3580.14   7.44725
3580.96   5.27688
3581.79   5.35744
3582.61   6.0976
3583.44   6.47528
3584.26   7.93563
3585.09   10.5708
3585.92   5.22144
3586.74   7.37579
3587.57   8.46234
3588.39   1.96905
3589.22   12.531
3590.05   8.99692
3590.87   5.93155
3591.7   6.62795
3592.53   7.09644
3593.35   4.8979
3594.18   3.56925
3595.01   8.35
3595.84   7.51903
3596.67   8.80624
3597.49   11.017
3598.32   7.04001
3599.15   2.6976
3599.98   11.4686
3600.81   8.35143
3601.64   5.65865
3602.47   7.77939
3603.3   9.55337
3604.13   12.6204
3604.96   5.81389
3605.79   6.13652
3606.62   8.21405
3607.45   7.45713
3608.28   6.91269
3609.11   8.94215
3609.94   6.24771
3610.77   4.38866
3611.6   5.96678
3612.44   8.03072
3613.27   7.96339
3614.1   8.3859
3614.93   8.20421
3615.76   6.66743
3616.6   7.78411
3617.43   8.18173
3618.26   5.79412
3619.09   8.87181
3619.93   9.02211
3620.76   5.13899
3621.6   5.74122
3622.43   8.39347
3623.26   6.3668
3624.1   4.11386
3624.93   6.46632
3625.77   4.88152
3626.6   7.17574
3627.44   9.81611
3628.27   7.50623
3629.11   10.3704
3629.95   9.00429
3630.78   7.97548
3631.62   7.67614
3632.45   8.92964
3633.29   10.1593
3634.13   6.46485
3634.96   9.22582
3635.8   4.89546
3636.64   5.86948
3637.48   9.02573
3638.31   5.5336
3639.15   6.40345
3639.99   5.92604
3640.83   8.07234
3641.67   7.85426
3642.5   5.40874
3643.34   5.19414
3644.18   7.13341
3645.02   8.04396
3645.86   7.79714
3646.7   8.94443
3647.54   10.6207
3648.38   9.13664
3649.22   4.67565
3650.06   8.72069
3650.9   7.49035
3651.74   6.35531
3652.58   6.86465
3653.42   6.78128
3654.26   9.25849
3655.11   5.80634
3655.95   8.63478
3656.79   10.4565
3657.63   8.05336
3658.47   6.18498
3659.32   7.34991
3660.16   8.52751
3661.0   9.85192
3661.84   11.4884
3662.69   10.9073
3663.53   7.41389
3664.37   6.71419
3665.22   9.8081
3666.06   7.93667
3666.91   7.65491
3667.75   9.1208
3668.6   9.40073
3669.44   12.5138
3670.29   7.88057
3671.13   10.949
3671.98   10.0474
3672.82   7.00963
3673.67   9.26821
3674.52   6.2993
3675.36   9.13941
3676.21   9.42967
3677.05   5.63771
3677.9   6.76223
3678.75   12.8391
3679.59   6.15096
3680.44   9.97355
3681.29   10.1584
3682.14   8.1743
3682.99   8.27481
3683.83   10.1671
3684.68   10.9048
3685.53   8.51017
3686.38   7.58025
3687.23   7.59343
3688.08   7.06492
3688.93   7.02022
3689.78   9.4095
3690.63   7.33837
3691.48   9.11213
3692.33   8.74739
3693.18   7.54937
3694.03   9.14524
3694.88   6.60047
3695.73   8.23604
3696.58   8.52271
3697.43   7.66063
3698.28   8.06147
3699.13   9.24137
3699.99   7.68886
3700.84   8.34004
3701.69   9.784
3702.54   9.58093
3703.39   9.10094
3704.25   9.79441
3705.1   9.03301
3705.95   10.3395
3706.81   10.5436
3707.66   9.93581
3708.51   9.94085
3709.37   9.5956
3710.22   6.67327
3711.08   9.56067
3711.93   7.51571
3712.79   7.21319
3713.64   9.9048
3714.5   10.6726
3715.35   10.5786
3716.21   9.18829
3717.06   9.83259
3717.92   10.1087
3718.78   9.75263
3719.63   10.1822
3720.49   10.0874
3721.34   9.82367
3722.2   6.8053
3723.06   6.46767
3723.92   8.49655
3724.77   8.875
3725.63   9.32855
3726.49   10.316
3727.35   8.61741
3728.21   8.11723
3729.06   10.2049
3729.93   11.1738
3730.78   8.35251
3731.64   11.4216
3732.5   10.3642
3733.36   10.7506
3734.22   10.3668
3735.08   6.99091
3735.94   12.6517
3736.8   8.95657
3737.66   9.71663
3738.52   11.4487
3739.38   12.1535
3740.25   13.3157
3741.11   11.1975
3741.97   10.1518
3742.83   11.5866
3743.69   10.6233
3744.55   10.9451
3745.41   14.0261
3746.28   8.21066
3747.14   13.0253
3748.0   11.5981
3748.87   8.26256
3749.73   8.82568
3750.59   11.0213
3751.46   10.4956
3752.32   11.5415
3753.18   10.7968
3754.05   8.8026
3754.91   8.62432
3755.78   10.7118
3756.64   10.5139
3757.51   10.5893
3758.37   11.5003
3759.24   11.2224
3760.11   10.0952
3760.97   9.30676
3761.84   7.986
3762.7   10.0543
3763.57   11.1405
3764.44   11.0224
3765.3   10.7196
3766.17   10.5887
3767.04   10.6569
3767.91   11.2241
3768.77   13.464
3769.64   11.4629
3770.51   8.91224
3771.38   11.4324
3772.25   11.1687
3773.11   10.9482
3773.98   12.4085
3774.85   11.4566
3775.72   10.4866
3776.59   13.1443
3777.46   13.1529
3778.33   10.8351
3779.2   12.1922
3780.07   12.0164
3780.94   10.601
3781.81   11.9033
3782.68   12.4603
3783.55   13.2502
3784.43   11.8227
3785.3   12.1558
3786.17   13.3479
3787.04   12.3257
3787.91   12.6411
3788.79   13.1587
3789.66   11.3871
3790.53   12.6164
3791.4   14.452
3792.28   12.5152
3793.15   13.3348
3794.02   12.6982
3794.9   12.6398
3795.77   13.2444
3796.65   13.5367
3797.52   13.4731
3798.39   14.1453
3799.27   13.1966
3800.14   12.6957
3801.02   13.2186
3801.89   13.96
3802.77   14.1278
3803.64   14.3027
3804.52   15.7537
3805.4   13.8389
3806.27   14.2097
3807.15   15.4709
3808.03   13.9087
3808.9   16.3321
3809.78   15.272
3810.66   15.7394
3811.54   15.0263
3812.41   14.283
3813.29   16.1471
3814.17   15.6519
3815.05   15.6424
3815.93   14.2953
3816.81   15.4636
3817.68   16.5598
3818.56   14.4762
3819.44   16.3506
3820.32   13.6278
3821.2   15.5451
3822.08   16.9226
3822.96   15.7694
3823.84   15.9771
3824.72   17.3767
3825.6   17.9649
3826.48   16.3645
3827.37   15.4137
3828.25   16.8897
3829.13   18.792
3830.01   17.5119
3830.89   18.0799
3831.78   18.3544
3832.66   18.6802
3833.54   18.3022
3834.42   17.7263
3835.31   21.0619
3836.19   19.0371
3837.07   20.6887
3837.96   22.6835
3838.84   22.5052
3839.72   22.4978
3840.61   23.0556
3841.49   20.1553
3842.38   23.9923
3843.26   24.6255
3844.15   21.7075
3845.03   22.184
3845.92   20.1069
3846.8   21.8286
3847.69   22.7029
3848.58   24.2343
3849.46   25.0641
3850.35   23.5606
3851.23   25.5544
3852.12   26.9487
3853.01   26.7507
3853.9   25.9287
3854.78   25.0779
3855.67   24.4669
3856.56   25.0262
3857.45   26.7314
3858.34   25.5554
3859.22   24.7491
3860.11   25.6575
3861.0   25.9741
3861.89   24.8028
3862.78   24.1792
3863.67   22.9009
3864.56   23.7113
3865.45   24.8467
3866.34   23.7885
3867.23   24.9516
3868.12   21.9936
3869.01   24.4228
3869.9   25.1519
3870.79   22.7226
3871.68   22.7108
3872.58   23.0808
3873.47   22.7927
3874.36   21.9854
3875.25   23.0561
3876.14   24.21
3877.04   22.7161
3877.93   22.4477
3878.82   24.1203
3879.72   22.8443
3880.61   23.4946
3881.5   23.7218
3882.4   20.1338
3883.29   23.0477
3884.19   22.4005
3885.08   21.7245
3885.97   20.933
3886.87   20.8727
3887.76   21.8423
3888.66   19.6171
3889.56   20.8231
3890.45   20.6217
3891.35   20.6453
3892.24   21.3894
3893.14   20.4624
3894.04   18.2336
3894.93   19.7138
3895.83   20.7464
3896.73   20.0058
3897.62   19.1014
3898.52   19.1538
3899.42   18.6045
3900.32   20.0901
3901.22   20.738
3902.11   18.9271
3903.01   17.3688
3903.91   19.0776
3904.81   20.6585
3905.71   18.6629
3906.61   18.2205
3907.51   18.6192
3908.41   19.25
3909.31   19.7921
3910.21   17.1333
3911.11   16.2635
3912.01   16.8736
3912.91   17.3916
3913.81   17.5301
3914.71   17.3168
3915.61   15.9352
3916.52   17.1996
3917.42   17.6036
3918.32   16.0204
3919.22   15.7401
3920.13   18.1136
3921.03   16.6194
3921.93   16.0789
3922.83   17.158
3923.74   18.0378
3924.64   17.3576
3925.55   15.9198
3926.45   16.3972
3927.35   17.2882
3928.26   16.6486
3929.16   16.7858
3930.07   16.628
3930.97   14.2731
3931.88   14.4091
3932.78   15.4682
3933.69   15.1782
3934.59   15.7528
3935.5   16.3346
3936.41   14.9267
3937.31   15.0989
3938.22   14.5083
3939.13   14.7255
3940.03   14.7391
3940.94   14.6961
3941.85   15.3784
3942.76   15.0244
3943.67   15.3417
3944.57   14.6343
3945.48   14.5651
3946.39   15.6086
3947.3   16.0817
3948.21   15.2795
3949.12   14.8461
3950.03   14.6958
3950.94   15.3233
3951.85   14.5932
3952.76   12.5422
3953.67   16.0234
3954.58   13.8819
3955.49   15.1949
3956.4   15.7398
3957.31   14.4157
3958.22   14.9937
3959.13   14.6209
3960.04   16.6572
3960.96   14.7918
3961.87   14.0097
3962.78   16.1523
3963.69   16.7766
3964.61   14.7499
3965.52   14.5243
3966.43   15.9661
3967.35   15.5335
3968.26   13.8461
3969.17   14.1833
3970.09   15.2834
3971.0   15.7276
3971.92   13.2523
3972.83   13.1537
3973.75   14.6906
3974.66   13.48
3975.58   13.9499
3976.49   14.3981
3977.41   15.2024
3978.32   15.6482
3979.24   14.9519
3980.16   13.9642
3981.07   14.8908
3981.99   13.9031
3982.91   14.3575
3983.82   15.2795
3984.74   15.0291
3985.66   14.3426
3986.58   15.355
3987.49   15.3887
3988.41   15.491
3989.33   14.5396
3990.25   14.2369
3991.17   16.0284
3992.09   14.6791
3993.01   14.9532
3993.93   14.0954
3994.85   14.0055
3995.76   15.0303
3996.69   15.0574
3997.61   14.8383
3998.53   16.428
3999.45   15.2396
4000.37   15.2273
4001.29   15.7975
4002.21   13.7371
4003.13   15.0524
4004.05   15.2844
4004.98   16.2486
4005.9   15.32
4006.82   14.1409
4007.74   15.3074
4008.67   12.9137
4009.59   15.1138
4010.51   14.5388
4011.44   13.2868
4012.36   14.4819
4013.28   16.4221
4014.21   15.5002
4015.13   15.1431
4016.06   13.9326
4016.98   14.5645
4017.91   16.3727
4018.83   16.0841
4019.76   15.5382
4020.68   15.005
4021.61   15.7715
4022.54   15.9081
4023.46   14.9648
4024.39   14.4533
4025.32   14.4971
4026.24   15.492
4027.17   15.2177
4028.1   15.0442
4029.03   15.892
4029.95   16.2249
4030.88   14.4389
4031.81   14.8837
4032.74   14.8925
4033.67   15.265
4034.59   15.6842
4035.53   15.1197
4036.45   16.0013
4037.38   14.3899
4038.31   16.2736
4039.24   16.8175
4040.17   15.168
4041.1   15.6059
4042.03   15.565
4042.96   15.9645
4043.9   16.0696
4044.83   15.7351
4045.76   15.4997
4046.69   15.7921
4047.62   15.7833
4048.55   13.8838
4049.49   15.5152
4050.42   16.0483
4051.35   14.8269
4052.29   16.3477
4053.22   18.1133
4054.15   16.3909
4055.09   14.3691
4056.02   15.6037
4056.95   17.4756
4057.89   16.2599
4058.82   17.0884
4059.76   16.5806
4060.69   16.2729
4061.63   15.9278
4062.56   15.2133
4063.5   14.8718
4064.43   15.7644
4065.37   17.5509
4066.31   15.9739
4067.24   15.5125
4068.18   16.6826
4069.11   15.8546
4070.05   16.2719
4070.99   17.3196
4071.93   17.0082
4072.86   17.0986
4073.8   17.4548
4074.74   16.1277
4075.68   14.9971
4076.62   16.7712
4077.56   18.2015
4078.5   18.0855
4079.43   17.7223
4080.37   18.0187
4081.31   16.9417
4082.25   16.9307
4083.19   17.1049
4084.13   17.4065
4085.08   17.2736
4086.02   16.382
4086.96   17.0171
4087.9   18.5291
4088.84   17.3558
4089.78   16.0026
4090.72   16.3756
4091.67   17.2482
4092.61   17.4554
4093.55   16.994
4094.49   17.4653
4095.43   17.3489
4096.38   16.5573
4097.32   16.4481
4098.27   16.0247
4099.21   17.3747
4100.15   17.0854
4101.1   16.7082
4102.04   17.2145
4102.99   17.3666
4103.93   17.3326
4104.88   16.2746
4105.82   15.7057
4106.77   15.8239
4107.71   16.287
4108.66   16.6047
4109.6   15.9512
4110.55   15.5259
4111.5   16.8555
4112.44   17.8456
4113.39   16.4144
4114.34   14.5186
4115.29   17.5786
4116.23   16.8349
4117.18   17.0162
4118.13   17.0218
4119.08   16.677
4120.03   17.6154
4120.98   16.6761
4121.92   16.9532
4122.87   16.3311
4123.82   17.3568
4124.77   19.3071
4125.72   18.4683
4126.67   17.3894
4127.62   18.36
4128.57   17.1257
4129.52   17.3012
4130.47   18.3745
4131.43   16.4949
4132.38   16.9936
4133.33   16.9211
4134.28   17.1155
4135.23   17.1127
4136.19   17.1823
4137.14   17.9537
4138.09   17.4841
4139.04   16.3379
4140.0   16.6299
4140.95   16.5689
4141.9   16.3858
4142.86   17.3734
4143.81   16.0778
4144.77   17.5961
4145.72   17.06
4146.68   16.7591
4147.63   17.839
4148.58   17.8143
4149.54   17.2458
4150.5   16.6901
4151.45   16.5584
4152.41   16.5752
4153.36   16.6912
4154.32   17.2227
4155.28   17.9463
4156.23   17.5823
4157.19   15.7059
4158.15   16.3646
4159.11   18.1141
4160.06   16.255
4161.02   15.4964
4161.98   16.6655
4162.94   16.0824
4163.9   16.3977
4164.86   17.2739
4165.81   15.8817
4166.78   16.6684
4167.73   16.5623
4168.69   16.6669
4169.65   16.8022
4170.61   16.844
4171.58   17.0096
4172.53   16.4392
4173.5   16.6977
4174.46   16.9293
4175.42   17.0256
4176.38   16.9804
4177.34   16.4886
4178.3   15.8285
4179.27   16.4706
4180.23   16.0456
4181.19   15.5905
4182.15   16.0654
4183.12   16.6452
4184.08   16.7221
4185.04   16.5473
4186.01   16.2372
4186.97   16.9896
4187.94   18.0568
4188.9   17.5521
4189.86   16.9103
4190.83   17.0098
4191.79   17.2024
4192.76   16.9181
4193.73   16.3898
4194.69   16.4049
4195.66   17.1123
4196.62   16.9969
4197.59   16.2079
4198.56   16.0528
4199.52   16.5066
4200.49   16.661
4201.46   17.3664
4202.43   17.6702
4203.39   16.5323
4204.36   16.9449
4205.33   18.5038
4206.3   17.7092
4207.27   16.6316
4208.23   17.5507
4209.21   18.4684
4210.17   18.4728
4211.14   17.6409
4212.11   16.9844
4213.08   18.24
4214.05   17.2373
4215.02   16.6971
4216.0   17.7997
4216.96   18.3731
4217.94   16.6131
4218.91   16.5622
4219.88   17.8472
4220.85   17.0384
4221.82   17.4543
4222.8   18.5866
4223.77   16.7224
4224.74   17.1938
4225.71   18.3407
4226.69   17.5787
4227.66   17.4003
4228.63   18.3382
4229.61   17.9304
4230.58   17.3101
4231.55   18.4557
4232.53   18.2737
4233.5   17.6338
4234.48   18.093
4235.45   18.9349
4236.43   18.1306
4237.41   17.8038
4238.38   18.3903
4239.36   17.7523
4240.33   17.1262
4241.31   18.7232
4242.29   17.3077
4243.26   17.5235
4244.24   20.0706
4245.22   19.9277
4246.2   17.6545
4247.17   18.16
4248.15   17.7632
4249.13   17.9463
4250.11   18.0046
4251.09   18.5323
4252.06   18.6565
4253.05   17.5066
4254.02   18.9351
4255.0   18.8755
4255.98   19.6095
4256.96   19.2641
4257.94   17.9653
4258.93   18.2746
4259.91   17.7929
4260.89   18.6619
4261.87   20.282
4262.85   19.3298
4263.83   17.0499
4264.81   17.9099
4265.8   19.309
4266.78   18.4101
4267.76   19.2445
4268.74   19.2091
4269.73   18.5933
4270.71   20.2528
4271.69   18.2745
4272.68   19.3949
4273.66   19.045
4274.64   19.1005
4275.63   19.6544
4276.61   18.3407
4277.6   20.1894
4278.58   19.4746
4279.57   18.5592
4280.55   18.8266
4281.54   19.3977
4282.53   19.1902
4283.51   19.4307
4284.5   20.0868
4285.48   18.9183
4286.47   18.5832
4287.46   19.4055
4288.45   19.256
4289.43   21.16
4290.42   19.9901
4291.41   19.2254
4292.4   19.0966
4293.39   19.4844
4294.38   20.8693
4295.36   20.5654
4296.35   19.6881
4297.34   19.6464
4298.33   20.2602
4299.32   20.3883
4300.31   19.7845
4301.3   20.69
4302.29   21.3361
4303.28   21.0439
4304.27   20.8025
4305.27   20.5493
4306.26   19.6819
4307.25   20.4238
4308.24   21.8671
4309.23   20.6216
4310.23   20.3502
4311.22   21.5907
4312.21   20.8989
4313.2   21.716
4314.2   20.6556
4315.19   21.5902
4316.18   21.6994
4317.18   20.7615
4318.17   21.9624
4319.17   20.8623
4320.16   21.5248
4321.16   21.0879
4322.15   20.9611
4323.15   21.9172
4324.14   21.6619
4325.14   20.1753
4326.13   22.5077
4327.13   21.0932
4328.13   19.9827
4329.12   21.0034
4330.12   19.8703
4331.12   20.2696
4332.11   20.329
4333.11   19.762
4334.11   20.1067
4335.11   21.0454
4336.11   20.615
4337.11   19.8133
4338.1   19.5619
4339.1   21.2009
4340.1   21.3675
4341.1   20.2944
4342.1   21.2483
4343.1   20.3609
4344.1   23.8024
4345.1   23.476
4346.1   21.1567
4347.1   20.7478
4348.1   21.4568
4349.11   21.1444
4350.11   20.4802
4351.11   20.5495
4352.11   20.0302
4353.11   19.5453
4354.12   20.8774
4355.12   20.6048
4356.12   20.6593
4357.12   21.8004
4358.13   21.3114
4359.13   19.7367
4360.13   20.6051
4361.14   21.4762
4362.14   21.6875
4363.15   21.0147
4364.15   21.0898
4365.16   21.1826
4366.16   19.6633
4367.17   21.0515
4368.18   23.0199
4369.18   21.4121
4370.19   21.3719
4371.19   23.2613
4372.2   21.679
4373.21   22.1917
4374.21   22.1988
4375.22   22.0613
4376.23   22.3017
4377.24   22.0905
4378.24   21.2238
4379.25   23.0832
4380.26   22.589
4381.27   20.1265
4382.28   19.5889
4383.29   21.8929
4384.3   22.9985
4385.31   19.8407
4386.32   21.6967
4387.33   22.6685
4388.34   21.7544
4389.35   21.4937
4390.36   22.5986
4391.37   22.0822
4392.38   21.1382
4393.39   22.3754
4394.4   22.2285
4395.42   20.6814
4396.43   21.7868
4397.44   21.3526
4398.45   21.086
4399.47   21.5283
4400.48   21.0514
4401.49   20.5701
4402.51   22.1222
4403.52   21.4473
4404.53   22.2612
4405.55   21.8891
4406.56   21.7601
4407.58   22.4058
4408.59   21.7905
4409.61   21.5144
4410.62   21.4036
4411.64   22.1531
4412.66   22.7948
4413.67   22.2415
4414.69   21.3041
4415.7   22.4392
4416.72   20.8356
4417.74   22.0914
4418.75   22.3618
4419.77   20.6139
4420.79   21.658
4421.81   21.0765
4422.83   21.6983
4423.85   21.9863
4424.86   22.2135
4425.88   22.1911
4426.9   20.9266
4427.92   20.708
4428.94   21.6783
4429.96   21.6754
4430.98   22.0874
4432.0   22.7181
4433.02   21.7097
4434.04   22.497
4435.06   20.7828
4436.09   21.9921
4437.11   23.7024
4438.13   22.8414
4439.15   21.3969
4440.17   21.6119
4441.2   21.0255
4442.22   21.416
4443.24   21.5873
4444.27   21.3538
4445.29   21.9334
4446.31   20.2873
4447.34   20.8409
4448.36   21.6591
4449.38   21.1343
4450.41   20.3405
4451.43   21.0141
4452.46   21.0911
4453.48   21.2365
4454.51   22.8564
4455.54   23.0267
4456.56   21.7215
4457.59   22.4426
4458.61   22.5033
4459.64   22.264
4460.67   21.6415
4461.7   21.7225
4462.72   21.8736
4463.75   20.4978
4464.78   20.6884
4465.81   22.1385
4466.84   21.2702
4467.86   21.1053
4468.89   22.3877
4469.92   21.8261
4470.95   22.8946
4471.98   22.4595
4473.01   21.5367
4474.04   20.8483
4475.07   20.9234
4476.1   21.6748
4477.13   20.7625
4478.16   21.9831
4479.2   21.9261
4480.23   21.3254
4481.26   22.348
4482.29   23.8852
4483.32   21.7761
4484.36   22.659
4485.39   22.2003
4486.42   21.7419
4487.45   22.5314
4488.49   22.0699
4489.52   21.3498
4490.55   22.8834
4491.59   22.8753
4492.62   22.3525
4493.66   22.3591
4494.69   21.5151
4495.73   21.5272
4496.76   22.5611
4497.8   21.6201
4498.83   20.6095
4499.87   21.5062
4500.91   22.7127
4501.94   22.1409
4502.98   23.122
4504.02   22.069
4505.06   21.5598
4506.09   22.6267
4507.13   21.9605
4508.17   21.7694
4509.2   21.3966
4510.24   22.1415
4511.28   21.9021
4512.32   21.0226
4513.36   22.5853
4514.4   22.8592
4515.44   21.8995
4516.48   21.9041
4517.52   22.3044
4518.56   22.2612
4519.6   22.3083
4520.64   22.3776
4521.68   21.5646
4522.72   22.4916
4523.76   23.3248
4524.81   22.2722
4525.85   20.6681
4526.89   19.8968
4527.93   21.7897
4528.97   22.8091
4530.02   21.8584
4531.06   20.4013
4532.11   20.5557
4533.15   22.6345
4534.19   22.233
4535.24   21.282
4536.28   21.2834
4537.33   22.2237
4538.37   23.044
4539.42   22.2998
4540.46   22.3886
4541.51   21.8382
4542.55   21.4769
4543.6   21.9807
4544.65   22.2084
4545.69   21.9144
4546.74   20.3349
4547.79   21.5275
4548.83   22.3975
4549.88   21.1531
4550.93   21.2021
4551.98   21.6638
4553.02   20.5728
4554.07   21.108
4555.12   21.7628
4556.17   21.4718
4557.22   21.7893
4558.27   20.6659
4559.32   21.2261
4560.37   21.9696
4561.42   22.1496
4562.47   22.361
4563.52   22.9015
4564.57   22.2602
4565.62   22.3763
4566.67   22.1458
4567.72   22.1597
4568.78   22.0624
4569.83   20.8012
4570.88   22.119
4571.93   22.2711
4572.99   22.7289
4574.04   22.1734
4575.09   21.0594
4576.15   22.175
4577.2   21.7695
4578.26   21.9167
4579.31   22.5079
4580.37   21.8527
4581.42   20.7299
4582.47   21.537
4583.53   21.2301
4584.58   22.1593
4585.64   23.0434
4586.7   22.4762
4587.75   21.5849
4588.81   22.1864
4589.86   21.1236
4590.92   21.8651
4591.98   22.1593
4593.04   21.7039
4594.1   21.7151
4595.15   22.2629
4596.21   21.4967
4597.27   22.9023
4598.33   22.4638
4599.39   21.3142
4600.45   21.7162
4601.51   22.664
4602.57   22.6605
4603.63   22.5929
4604.68   22.8804
4605.75   22.9284
4606.81   22.645
4607.87   22.6596
4608.93   22.5013
4609.99   23.608
4611.05   23.3124
4612.11   23.5788
4613.18   24.3014
4614.24   22.194
4615.3   22.1869
4616.36   21.7289
4617.43   21.9989
4618.49   22.4375
4619.55   22.7294
4620.62   23.287
4621.68   21.4103
4622.75   21.3464
4623.81   22.5173
4624.88   22.4958
4625.94   21.5732
4627.0   22.0235
4628.07   21.1284
4629.14   21.2465
4630.2   21.8206
4631.27   22.0155
4632.34   21.9774
4633.4   22.4664
4634.47   22.9841
4635.54   21.2964
4636.6   21.2212
4637.67   22.5777
4638.74   22.7999
4639.81   21.5307
4640.88   22.4787
4641.94   21.8217
4643.01   22.7859
4644.08   22.5151
4645.15   20.8173
4646.22   22.4777
4647.29   22.0053
4648.36   21.9806
4649.43   21.3573
4650.5   21.4299
4651.57   22.8662
4652.65   23.3203
4653.72   21.5728
4654.79   22.0759
4655.86   22.3923
4656.93   22.2481
4658.01   21.8665
4659.08   20.7511
4660.15   21.5907
4661.22   21.9619
4662.3   21.6384
4663.37   21.5087
4664.45   22.0899
4665.52   22.7678
4666.59   22.3183
4667.67   22.2456
4668.74   22.2184
4669.82   22.419
4670.89   22.9663
4671.97   23.2907
4673.05   23.1167
4674.12   22.3186
4675.2   23.2164
4676.27   23.3474
4677.35   22.1492
4678.43   22.8145
4679.51   21.9154
4680.58   22.4639
4681.66   23.015
4682.74   22.7365
4683.82   22.6429
4684.9   23.5271
4685.98   22.5495
4687.06   22.0561
4688.13   23.1281
4689.21   23.2435
4690.29   22.2022
4691.37   23.078
4692.45   23.107
4693.53   22.409
4694.62   22.6075
4695.7   22.9473
4696.78   22.9558
4697.86   23.6244
4698.94   23.8479
4700.02   24.5742
4701.1   23.8598
4702.19   23.6204
4703.27   24.5892
4704.35   24.132
4705.44   23.9566
4706.52   24.1499
4707.61   24.3019
4708.69   24.271
4709.77   24.5082
4710.86   25.1043
4711.94   24.0645
4713.03   24.5645
4714.11   25.3616
4715.2   25.4021
4716.28   25.0821
4717.37   25.0296
4718.46   24.2378
4719.54   26.0568
4720.63   28.0135
4721.72   27.9067
4722.81   26.1583
4723.89   25.117
4724.98   25.563
4726.07   25.2131
4727.16   23.9405
4728.25   23.3668
4729.33   23.9408
4730.42   23.9671
4731.51   22.9819
4732.6   22.8237
4733.69   22.4729
4734.78   22.6406
4735.87   23.3729
4736.96   23.1092
4738.05   23.45
4739.14   23.2776
4740.24   22.8996
4741.33   22.5402
4742.42   22.4145
4743.51   22.7945
4744.6   23.1056
4745.7   23.5469
4746.79   22.4552
4747.88   21.5391
4748.98   22.0209
4750.07   22.7737
4751.16   25.141
4752.26   23.2446
4753.35   23.032
4754.45   23.9811
4755.54   23.4446
4756.64   22.7055
4757.73   22.3956
4758.83   22.9279
4759.92   22.9285
4761.02   23.1265
4762.12   23.5524
4763.21   22.3305
4764.31   20.9527
4765.41   22.9035
4766.5   23.531
4767.6   22.2619
4768.7   21.3682
4769.8   21.9978
4770.9   23.4523
4772.0   22.8985
4773.1   23.5576
4774.19   24.1286
4775.29   22.8897
4776.39   22.0083
4777.49   22.8133
4778.59   22.9556
4779.69   23.3158
4780.79   23.3779
4781.89   23.0422
4782.99   23.2788
4784.1   21.8927
4785.2   22.7841
4786.3   23.3604
4787.4   22.4585
4788.51   21.6777
4789.61   22.5856
4790.71   22.5994
4791.81   23.4589
4792.92   23.198
4794.02   22.1386
4795.13   21.9499
4796.23   22.8693
4797.33   22.892
4798.44   22.5097
4799.54   22.1857
4800.65   22.6609
4801.76   23.195
4802.86   22.2586
4803.97   22.8554
4805.07   23.4634
4806.18   22.3974
4807.29   22.4589
4808.39   23.7216
4809.5   22.3419
4810.61   23.812
4811.72   22.8131
4812.82   22.5064
4813.93   23.625
4815.04   23.6042
4816.15   21.4965
4817.26   22.9431
4818.37   22.4521
4819.48   22.1176
4820.59   22.9487
4821.7   23.5102
4822.81   22.6825
4823.92   22.8259
4825.03   22.7446
4826.14   23.317
4827.25   22.8205
4828.36   21.8848
4829.48   23.7887
4830.59   22.5631
4831.7   22.9256
4832.81   23.0219
4833.93   23.1582
4835.04   23.6494
4836.15   22.7531
4837.27   22.5576
4838.38   23.3392
4839.49   22.5128
4840.61   21.8019
4841.72   22.7828
4842.84   23.212
4843.95   22.3203
4845.07   21.4861
4846.19   21.1273
4847.3   21.8129
4848.42   23.0077
4849.53   22.9831
4850.65   22.4901
4851.77   21.524
4852.89   22.4025
4854.0   23.1003
4855.12   22.3602
4856.24   22.7298
4857.36   22.5235
4858.48   21.4647
4859.59   22.0919
4860.71   22.5852
4861.83   21.5045
4862.95   21.4221
4864.07   22.4835
4865.19   22.7774
4866.31   22.7895
4867.43   22.0789
4868.56   21.12
4869.68   21.8637
4870.8   22.5382
4871.92   23.0159
4873.04   22.5113
4874.16   21.44
4875.28   21.343
4876.41   22.4406
4877.53   20.3799
4878.65   21.4585
4879.78   22.1421
4880.9   21.8822
4882.03   22.7632
4883.15   23.9625
4884.27   20.2865
4885.4   21.0258
4886.52   22.0116
4887.65   21.9522
4888.77   22.1446
4889.9   22.1667
4891.03   22.1917
4892.15   22.3825
4893.28   22.063
4894.4   22.2775
4895.53   22.4936
4896.66   20.8418
4897.79   22.7035
4898.92   21.9035
4900.05   21.1189
4901.17   21.7344
4902.3   22.3267
4903.43   21.7234
4904.56   22.0274
4905.69   22.4413
4906.82   22.0612
4907.95   21.5975
4909.08   21.6671
4910.21   21.6404
4911.34   21.7898
4912.47   23.6219
4913.6   23.1227
4914.73   21.9038
4915.87   21.9249
4917.0   21.2001
4918.13   22.3621
4919.26   21.1997
4920.39   20.1785
4921.53   21.6661
4922.66   23.394
4923.8   21.3778
4924.93   22.0956
4926.06   22.0325
4927.2   22.1111
4928.33   21.4928
4929.47   21.0042
4930.6   23.5617
4931.74   22.6032
4932.87   22.8846
4934.01   22.5174
4935.15   21.725
4936.28   22.2162
4937.42   23.1175
4938.56   20.8951
4939.69   20.8067
4940.83   21.8439
4941.97   21.8636
4943.11   21.4676
4944.24   22.5329
4945.38   20.8427
4946.52   21.9874
4947.66   22.3024
4948.8   22.1192
4949.94   22.6567
4951.08   21.9182
4952.22   22.348
4953.36   22.9563
4954.5   22.0215
4955.64   21.4739
4956.78   22.4112
4957.93   22.3008
4959.07   21.9274
4960.21   21.8553
4961.35   21.4881
4962.49   21.5727
4963.64   22.1825
4964.78   21.8785
4965.92   22.1885
4967.07   21.3929
4968.21   21.657
4969.35   21.7708
4970.5   21.1471
4971.64   22.3857
4972.79   22.2754
4973.94   22.2334
4975.08   21.8181
4976.22   21.3497
4977.37   21.5909
4978.52   22.3117
4979.66   22.1549
4980.81   21.6921
4981.96   21.8647
4983.1   21.6719
4984.25   21.0152
4985.4   21.6198
4986.55   21.0536
4987.7   21.8498
4988.84   20.8316
4989.99   20.2605
4991.14   21.4308
4992.29   20.139
4993.44   20.6225
4994.59   21.9146
4995.74   21.4236
4996.89   21.0694
4998.04   22.0598
4999.19   21.6578
5000.34   22.094
5001.5   21.7124
5002.65   21.3669
5003.8   21.5587
5004.95   21.8487
5006.11   21.9973
5007.26   23.093
5008.41   20.8536
5009.56   20.8176
5010.72   21.6777
5011.87   20.8428
5013.03   21.5121
5014.18   22.277
5015.34   20.7589
5016.49   20.8767
5017.65   21.9139
5018.8   21.8332
5019.96   21.8154
5021.11   20.8854
5022.27   21.5598
5023.43   21.2604
5024.58   20.6214
5025.74   21.311
5026.9   21.998
5028.06   21.3603
5029.21   22.2841
5030.37   21.9704
5031.53   21.1581
5032.69   21.5507
5033.85   21.7107
5035.0   21.5308
5036.17   21.7683
5037.32   21.5853
5038.49   21.4524
5039.65   22.0384
5040.81   22.2954
5041.97   20.7177
5043.13   20.8728
5044.29   22.0607
5045.45   22.3734
5046.61   21.7826
5047.77   22.1495
5048.94   22.1557
5050.1   22.145
5051.26   22.1083
5052.43   21.3364
5053.59   20.4676
5054.75   21.4509
5055.92   21.6292
5057.08   20.6382
5058.25   20.8458
5059.41   22.3007
5060.58   23.0999
5061.74   22.0617
5062.91   21.2023
5064.07   21.9476
5065.24   21.8755
5066.41   21.3469
5067.57   21.152
5068.74   20.1468
5069.91   20.7337
5071.08   20.6611
5072.24   21.2445
5073.41   21.155
5074.58   19.8561
5075.75   20.4128
5076.92   20.9396
5078.08   21.5773
5079.26   21.3568
5080.42   21.0022
5081.6   20.8517
5082.76   20.0674
5083.93   22.1118
5085.11   21.0248
5086.28   20.6384
5087.45   20.8369
5088.62   20.251
5089.79   21.0517
5090.96   20.6558
5092.13   21.5303
5093.31   20.907
5094.48   21.1049
5095.66   22.8058
5096.83   20.3551
5098.0   19.192
5099.18   20.9889
5100.35   22.0035
5101.52   21.2403
5102.7   20.6782
5103.88   21.7048
5105.05   21.5815
5106.23   20.746
5107.4   20.6298
5108.58   20.524
5109.75   20.0127
5110.93   20.5232
5112.11   20.251
5113.28   20.6308
5114.46   20.7128
5115.64   20.4183
5116.82   20.6177
5118.0   21.2393
5119.17   20.0293
5120.35   20.3109
5121.53   21.8978
5122.71   21.8103
5123.89   20.6052
5125.07   22.619
5126.25   20.4235
5127.43   20.5028
5128.61   21.1333
5129.79   21.4792
5130.98   22.1124
5132.16   22.4757
5133.34   23.3517
5134.52   23.9076
5135.7   24.3751
5136.89   23.9488
5138.07   23.1394
5139.25   23.9593
5140.44   21.7641
5141.62   21.9209
5142.8   21.518
5143.99   20.2146
5145.17   19.7378
5146.36   19.8394
5147.54   20.7908
5148.73   20.7438
5149.92   20.1722
5151.1   20.4542
5152.29   21.326
5153.47   20.5874
5154.66   19.6417
5155.85   20.0754
5157.03   19.6139
5158.22   19.3943
5159.41   20.4871
5160.6   20.373
5161.79   21.1235
5162.97   20.9069
5164.16   20.3185
5165.35   20.3254
5166.54   20.2941
5167.73   19.104
5168.92   20.8183
5170.11   20.309
5171.3   20.1113
5172.49   21.0702
5173.68   21.6551
5174.88   21.3591
5176.07   21.0227
5177.26   20.2065
5178.45   20.7079
5179.64   20.7811
5180.84   19.9043
5182.03   21.615
5183.23   20.6784
5184.42   20.9618
5185.61   20.217
5186.81   19.9895
5188.0   21.0622
5189.2   19.2494
5190.39   19.9242
5191.59   19.941
5192.78   19.4719
5193.98   19.0809
5195.17   19.3669
5196.37   20.8573
5197.57   20.3939
5198.76   18.9722
5199.96   20.36
5201.16   21.3181
5202.36   19.4497
5203.55   20.0174
5204.75   19.7877
5205.95   19.2544
5207.15   19.4641
5208.35   20.1004
5209.55   20.2638
5210.75   19.9912
5211.95   20.4851
5213.15   20.1887
5214.35   19.2037
5215.55   19.1123
5216.75   19.819
5217.95   18.9885
5219.15   19.7582
5220.35   18.9804
5221.56   19.1482
5222.76   19.9718
5223.96   19.7708
5225.17   19.5167
5226.37   19.094
5227.57   18.3074
5228.78   18.7071
5229.98   19.5248
5231.18   19.4646
5232.39   19.3668
5233.59   19.2679
5234.8   18.9365
5236.01   19.2795
5237.21   19.7095
5238.42   19.33
5239.62   18.9695
5240.83   19.5908
5242.04   19.0749
5243.24   18.839
5244.45   19.3826
5245.66   19.5575
5246.87   18.5054
5248.07   18.0613
5249.28   19.0294
5250.49   19.6229
5251.7   19.7889
5252.91   19.9794
5254.12   19.271
5255.33   18.945
5256.54   19.2527
5257.75   19.2976
5258.96   19.2934
5260.17   19.8133
5261.39   20.031
5262.6   18.3665
5263.81   19.4476
5265.02   18.7649
5266.23   17.5707
5267.45   18.5813
5268.66   18.1927
5269.87   18.0707
5271.08   18.9102
5272.3   19.1305
5273.51   18.1937
5274.73   17.6208
5275.94   19.0962
5277.16   19.1115
5278.37   18.2986
5279.59   18.6386
5280.8   19.0459
5282.02   18.4187
5283.23   18.957
5284.45   20.2413
5285.67   19.454
5286.89   18.9227
5288.1   19.1466
5289.32   18.9515
5290.54   18.4674
5291.76   18.1591
5292.98   18.4809
5294.2   19.4073
5295.42   19.8415
5296.63   19.3723
5297.86   19.1945
5299.07   18.1286
5300.29   19.7346
5301.52   19.5454
5302.74   18.5982
5303.96   19.1944
5305.18   17.9883
5306.4   18.7138
5307.62   18.908
5308.84   19.7768
5310.07   20.0304
5311.29   18.9279
5312.51   19.7353
5313.74   19.3959
5314.96   19.2443
5316.18   20.0843
5317.41   20.5424
5318.63   19.9651
5319.86   20.3008
5321.08   20.1318
5322.31   20.6559
5323.53   20.0884
5324.76   19.8495
5325.98   20.9459
5327.21   20.252
5328.44   21.3641
5329.67   22.8087
5330.89   22.8713
5332.12   22.3378
5333.35   22.1666
5334.58   21.5193
5335.81   22.2507
5337.03   20.6725
5338.26   20.7875
5339.49   21.5601
5340.72   19.9355
5341.95   18.641
5343.18   19.3502
5344.41   20.2396
5345.64   19.9631
5346.88   19.2935
5348.11   19.3575
5349.34   19.5048
5350.57   19.022
5351.8   19.7937
5353.03   20.0384
5354.27   19.5343
5355.5   19.1463
5356.73   18.7787
5357.97   20.1111
5359.2   19.0304
5360.43   18.6993
5361.67   19.5299
5362.9   19.703
5364.14   19.7688
5365.37   19.3739
5366.61   19.7596
5367.85   19.861
5369.08   19.4414
5370.32   18.9398
5371.55   18.4766
5372.79   19.5787
5374.03   18.2485
5375.27   18.7889
5376.5   19.3538
5377.74   17.4989
5378.98   18.6903
5380.22   18.5924
5381.46   17.6276
5382.7   18.2852
5383.94   18.8946
5385.18   18.352
5386.42   20.0626
5387.66   18.5109
5388.9   19.1155
5390.14   18.6209
5391.38   17.3022
5392.62   17.8793
5393.86   18.8408
5395.11   19.1777
5396.35   19.4446
5397.59   18.9443
5398.83   18.2668
5400.08   18.0089
5401.32   17.2238
5402.56   17.7423
5403.81   18.7767
5405.05   18.7374
5406.3   17.7573
5407.54   17.2818
5408.79   17.9226
5410.04   17.4937
5411.28   17.8231
5412.53   18.1236
5413.77   17.591
5415.02   16.7654
5416.27   16.8898
5417.51   17.2142
5418.76   16.9966
5420.01   17.4809
5421.26   17.6436
5422.51   16.675
5423.75   16.9551
5425.0   16.6678
5426.25   17.4766
5427.5   17.3026
5428.75   17.1293
5430.0   18.3664
5431.25   18.1454
5432.5   17.198
5433.75   16.9997
5435.0   17.3551
5436.26   17.7853
5437.51   18.0139
5438.76   17.9302
5440.01   17.9555
5441.27   17.8902
5442.52   17.6197
5443.77   17.4658
5445.03   17.862
5446.28   18.3708
5447.54   17.0128
5448.79   18.6092
5450.04   19.1639
5451.3   17.8314
5452.55   17.1915
5453.81   17.3795
5455.07   17.5444
5456.32   18.0901
5457.58   18.1607
5458.83   18.3263
5460.09   19.053
5461.35   18.6169
5462.61   17.9027
5463.86   17.9277
5465.12   18.5313
5466.38   18.4118
5467.64   17.6334
5468.9   18.4413
5470.16   17.5371
5471.42   18.0039
5472.68   18.1229
5473.94   17.2775
5475.2   16.9304
5476.46   17.6095
5477.72   17.177
5478.98   18.0515
5480.25   18.442
5481.51   17.8893
5482.77   17.6495
5484.03   17.7931
5485.3   17.063
5486.56   17.0593
5487.82   17.8987
5489.09   17.9254
5490.35   17.0104
5491.61   17.8604
5492.88   16.7352
5494.15   17.8944
5495.41   17.9489
5496.67   17.1099
5497.94   17.7213
5499.21   17.822
5500.47   18.4958
5501.74   17.2951
5503.01   17.1222
5504.27   17.8648
5505.54   17.3204
5506.81   16.5103
5508.08   16.8889
5509.35   17.1801
5510.61   17.2626
5511.88   17.4721
5513.15   17.8524
5514.42   17.9246
5515.69   17.3267
5516.96   17.9123
5518.23   17.3269
5519.5   17.0496
5520.78   17.9868
5522.05   15.5375
5523.32   17.6057
5524.59   17.6739
5525.86   17.8175
5527.13   17.6778
5528.41   16.1432
5529.68   17.2403
5530.95   16.7497
5532.23   16.6894
5533.5   17.5929
5534.77   17.5817
5536.05   16.3006
5537.32   17.0482
5538.6   16.3491
5539.88   16.5092
5541.15   16.7397
5542.43   16.471
5543.7   16.2968
5544.98   16.4909
5546.26   16.1109
5547.54   16.5227
5548.81   16.378
5550.09   16.4026
5551.37   17.2728
5552.65   16.1696
5553.93   15.2647
5555.2   15.7194
5556.48   15.9897
5557.76   16.3583
5559.04   17.0313
5560.32   15.8137
5561.6   17.0449
5562.88   16.4942
5564.16   15.9271
5565.45   16.0823
5566.73   15.9968
5568.01   16.2086
5569.29   16.038
5570.57   16.6068
5571.86   16.2675
5573.14   15.5079
5574.43   16.2233
5575.71   17.5856
5576.99   16.0815
5578.28   10.6695
5579.56   12.9796
5580.85   19.6492
5582.13   19.655
5583.42   16.9719
5584.7   18.14
5585.99   16.3723
5587.27   16.4521
5588.56   17.5716
5589.85   16.2192
5591.13   17.0859
5592.42   16.7161
5593.71   17.1393
5595.0   16.9821
5596.29   16.0271
5597.57   15.9183
5598.87   17.1211
5600.15   16.8317
5601.44   16.9332
5602.73   17.5326
5604.03   17.4318
5605.31   16.4246
5606.6   16.5261
5607.9   17.3742
5609.19   16.6125
5610.48   16.3827
5611.77   16.8079
5613.07   16.5967
5614.36   16.8182
5615.65   16.6836
5616.94   16.9647
5618.24   16.5236
5619.53   16.3479
5620.82   17.4878
5622.12   17.5788
5623.41   18.1654
5624.71   17.775
5626.0   17.1387
5627.3   17.1439
5628.6   17.5967
5629.89   17.6578
5631.19   17.9092
5632.48   17.2286
5633.78   16.8215
5635.08   16.7492
5636.38   16.5318
5637.68   17.18
5638.97   17.2552
5640.27   17.8907
5641.57   17.9047
5642.87   17.5723
5644.17   17.853
5645.47   17.6916
5646.77   17.765
5648.07   17.2518
5649.37   16.7677
5650.67   17.3571
5651.97   18.5096
5653.27   17.7082
5654.57   16.6218
5655.88   17.0304
5657.18   17.0172
5658.48   16.7962
5659.79   17.2486
5661.09   16.376
5662.39   17.1055
5663.7   17.1651
5665.0   16.8578
5666.31   16.9676
5667.61   17.0014
5668.92   15.9782
5670.22   16.7772
5671.53   15.8438
5672.83   15.4235
5674.14   16.325
5675.45   16.8662
5676.75   16.7602
5678.06   16.977
5679.37   16.7148
5680.68   17.0864
5681.98   16.865
5683.29   15.7746
5684.6   17.9753
5685.91   16.921
5687.22   16.3858
5688.53   16.4697
5689.84   15.8607
5691.15   14.9261
5692.46   15.7809
5693.77   16.3055
5695.08   16.7118
5696.39   15.9145
5697.71   15.4379
5699.02   16.4956
5700.33   15.8251
5701.64   16.598
5702.96   16.0238
5704.27   15.4362
5705.58   15.5062
5706.9   15.8181
5708.21   16.9944
5709.52   16.598
5710.84   16.086
5712.15   16.5842
5713.47   16.968
5714.79   16.3139
5716.1   16.4944
5717.42   15.6301
5718.73   16.0567
5720.05   16.3915
5721.37   15.9509
5722.69   15.4775
5724.0   15.1789
5725.32   16.201
5726.64   16.6317
5727.96   15.8248
5729.28   14.9527
5730.6   15.1426
5731.92   15.421
5733.24   15.4007
5734.56   16.1083
5735.88   15.987
5737.2   15.2116
5738.52   15.3491
5739.84   15.9502
5741.17   15.6683
5742.49   15.243
5743.81   15.3207
5745.13   15.2381
5746.45   14.804
5747.78   15.7083
5749.1   15.0121
5750.43   15.1413
5751.75   15.4413
5753.08   14.7871
5754.4   14.0773
5755.72   15.4813
5757.05   15.2736
5758.37   15.3216
5759.7   15.0299
5761.03   14.6869
5762.36   14.9411
5763.68   14.3496
5765.01   14.8724
5766.34   14.7211
5767.66   14.8231
5768.99   15.1338
5770.32   15.0066
5771.65   15.5178
5772.98   14.5227
5774.31   15.4124
5775.64   15.2558
5776.97   14.4527
5778.3   15.1387
5779.63   14.2817
5780.96   15.432
5782.29   14.3421
5783.62   14.1157
5784.96   15.1849
5786.29   15.1285
5787.62   15.1615
5788.95   14.2739
5790.29   14.6049
5791.62   15.5028
5792.95   15.4351
5794.29   14.6432
5795.62   15.5578
5796.96   15.7073
5798.29   15.6663
5799.63   15.0953
5800.96   15.0264
5802.3   16.1006
5803.63   15.6503
5804.97   15.3134
5806.31   14.4058
5807.64   14.9404
5808.98   15.8172
5810.32   14.8944
5811.66   14.8389
5813.0   14.9884
5814.33   14.6134
5815.67   14.9599
5817.01   15.4077
5818.35   14.8129
5819.69   14.9576
5821.03   14.6462
5822.37   14.3256
5823.71   14.7348
5825.06   15.0337
5826.4   14.725
5827.74   15.6917
5829.08   14.3887
5830.42   14.493
5831.76   15.3089
5833.11   14.9032
5834.45   13.8494
5835.79   15.1808
5837.14   14.9885
5838.48   15.0501
5839.83   15.5606
5841.17   15.2675
5842.52   14.3545
5843.86   15.6238
5845.21   15.3876
5846.56   15.1068
5847.9   14.9064
5849.25   14.7999
5850.59   15.1317
5851.94   15.3954
5853.29   14.2785
5854.64   14.1228
5855.99   15.2488
5857.33   15.6708
5858.68   14.6027
5860.03   15.2764
5861.38   15.2982
5862.73   15.0484
5864.08   14.681
5865.43   14.3113
5866.78   14.3804
5868.13   15.1764
5869.48   15.2072
5870.83   14.6323
5872.19   14.8166
5873.54   14.8275
5874.89   13.9121
5876.25   15.1304
5877.6   14.4965
5878.95   15.2532
5880.31   15.4369
5881.66   14.9216
5883.01   15.0685
5884.37   13.799
5885.72   14.8618
5887.08   15.1017
5888.44   15.6684
5889.79   15.0221
5891.15   12.1017
5892.5   13.7045
5893.86   15.4323
5895.22   15.097
5896.58   14.3443
5897.94   14.2188
5899.29   14.6021
5900.65   15.6482
5902.01   14.8346
5903.37   14.5257
5904.73   15.441
5906.09   15.9976
5907.45   15.3318
5908.81   15.7285
5910.17   14.2664
5911.53   14.614
5912.89   15.5987
5914.25   15.6458
5915.62   15.0892
5916.98   14.9005
5918.34   15.3428
5919.7   14.9403
5921.07   14.4907
5922.43   14.8302
5923.79   15.3915
5925.16   14.9416
5926.52   15.2879
5927.89   15.1599
5929.25   14.5724
5930.62   14.8533
5931.98   16.0911
5933.35   15.4362
5934.72   15.2407
5936.08   14.7888
5937.45   14.4424
5938.82   15.3148
5940.18   16.87
5941.55   15.7673
5942.92   14.5276
5944.29   16.1596
5945.66   16.6936
5947.03   15.7056
5948.4   16.1259
5949.77   16.3143
5951.14   16.0312
5952.51   15.862
5953.88   16.4765
5955.25   16.8855
5956.62   16.3686
5957.99   17.2119
5959.36   17.0978
5960.74   16.5682
5962.11   17.0825
5963.48   17.9912
5964.86   18.0476
5966.23   18.4919
5967.6   17.2137
5968.98   16.8348
5970.35   17.0884
5971.73   17.4903
5973.1   18.1667
5974.48   18.4166
5975.86   18.5955
5977.23   18.7531
5978.61   18.1306
5979.98   17.6565
5981.36   18.5098
5982.74   18.7171
5984.12   18.3029
5985.5   17.5977
5986.87   17.5682
5988.25   17.8491
5989.63   17.7579
5991.01   18.5061
5992.39   18.3689
5993.77   17.8787
5995.15   17.5412
5996.53   17.3839
5997.91   17.4618
5999.29   18.2672
6000.67   19.0774
6002.06   18.8882
6003.44   18.0709
6004.82   18.2272
6006.2   19.4326
6007.59   18.0913
6008.97   17.2695
6010.35   18.7311
6011.74   19.1912
6013.12   18.0745
6014.51   17.929
6015.89   18.5161
6017.28   17.7827
6018.66   17.6121
6020.05   17.1667
6021.44   16.5125
6022.82   16.8545
6024.21   17.3395
6025.6   17.3635
6026.98   17.5201
6028.37   16.992
6029.76   16.4157
6031.15   17.0758
6032.54   17.4068
6033.93   16.6037
6035.32   15.6207
6036.71   16.0538
6038.1   16.7086
6039.48   15.8453
6040.88   15.8641
6042.27   14.7765
6043.66   15.277
6045.05   15.7225
6046.44   15.6106
6047.84   16.064
6049.23   15.6933
6050.62   15.5506
6052.01   15.7582
6053.41   16.188
6054.8   16.3355
6056.2   16.1506
6057.59   16.7393
6058.99   15.9869
6060.38   15.515
6061.78   15.2985
6063.17   14.9153
6064.57   14.697
6065.97   14.9899
6067.36   13.4264
6068.76   14.3986
6070.16   15.2807
6071.55   14.7586
6072.96   14.7891
6074.35   14.981
6075.75   14.4346
6077.15   14.1746
6078.55   15.2053
6079.95   16.0857
6081.35   14.958
6082.75   14.1121
6084.15   15.0109
6085.55   14.8263
6086.95   15.0111
6088.35   15.3787
6089.76   14.4733
6091.16   14.8847
6092.56   14.3699
6093.96   14.5672
6095.37   14.4301
6096.77   13.8995
6098.18   14.215
6099.58   14.7231
6100.98   15.9264
6102.39   14.2396
6103.79   13.7789
6105.2   15.0384
6106.61   14.5829
6108.02   14.6922
6109.42   14.5498
6110.83   14.7409
6112.23   13.7851
6113.64   13.0575
6115.05   14.6417
6116.46   14.7192
6117.87   14.9028
6119.28   14.84
6120.68   14.8916
6122.09   14.9752
6123.5   14.5537
6124.92   14.1205
6126.32   14.3601
6127.74   14.2083
6129.15   14.6831
6130.56   15.4579
6131.97   15.0474
6133.38   14.4204
6134.8   14.1022
6136.21   14.8069
6137.62   14.712
6139.03   13.9932
6140.45   14.1827
6141.86   13.617
6143.27   13.4562
6144.69   14.5217
6146.1   14.6215
6147.52   13.8953
6148.94   14.2272
6150.35   14.0233
6151.77   13.8621
6153.18   14.1384
6154.6   14.4124
6156.02   14.86
6157.44   15.1484
6158.86   13.2135
6160.27   14.7096
6161.69   14.4735
6163.11   14.2082
6164.53   14.5572
6165.95   13.7526
6167.37   14.2621
6168.79   14.4494
6170.21   15.1908
6171.63   14.8756
6173.05   13.8749
6174.48   14.4473
6175.9   15.5947
6177.32   15.3079
6178.74   14.6234
6180.16   14.8768
6181.59   15.1099
6183.01   14.156
6184.44   14.6852
6185.86   14.8191
6187.28   14.7665
6188.71   14.7988
6190.13   14.826
6191.56   14.8302
6192.98   15.0982
6194.41   14.2551
6195.84   14.6307
6197.27   15.1587
6198.69   15.0197
6200.12   14.9529
6201.55   14.9067
6202.97   14.6663
6204.4   15.6632
6205.83   15.6012
6207.26   14.4378
6208.69   14.5266
6210.12   14.8035
6211.55   15.1117
6212.98   14.8788
6214.41   14.8301
6215.84   15.0325
6217.27   15.0597
6218.71   15.716
6220.14   15.3246
6221.57   15.9084
6223.0   15.6267
6224.44   14.6478
6225.87   15.0266
6227.3   14.6267
6228.74   14.9316
6230.17   15.9117
6231.61   15.8599
6233.04   14.9142
6234.48   14.7187
6235.91   14.7248
6237.35   14.5269
6238.78   14.5521
6240.22   14.2833
6241.66   14.3341
6243.09   15.2869
6244.53   14.625
6245.97   14.5525
6247.41   14.2628
6248.85   13.8273
6250.29   14.1915
6251.73   15.4284
6253.17   15.2584
6254.61   14.1321
6256.05   14.7575
6257.49   15.7179
6258.93   15.4621
6260.37   14.8146
6261.81   15.5516
6263.25   15.6705
6264.7   15.7931
6266.14   15.419
6267.58   15.2636
6269.02   16.0611
6270.47   14.8551
6271.91   14.5943
6273.36   15.3724
6274.8   15.2134
6276.25   14.6038
6277.69   15.4552
6279.14   15.7535
6280.58   15.1313
6282.03   15.8566
6283.48   16.0327
6284.92   15.0898
6286.37   14.813
6287.82   14.6335
6289.27   14.2797
6290.72   15.3046
6292.16   15.9551
6293.61   15.6497
6295.06   15.511
6296.51   14.7388
6297.96   15.7405
6299.41   14.9673
6300.86   15.1018
6302.31   15.7198
6303.76   14.063
6305.22   15.6136
6306.67   15.7327
6308.12   15.2348
6309.57   14.6501
6311.03   14.8337
6312.48   16.0671
6313.93   15.4713
6315.39   14.5348
6316.84   14.7623
6318.3   15.4325
6319.75   15.6752
6321.21   15.3105
6322.66   14.3745
6324.12   14.709
6325.58   15.1517
6327.03   15.2033
6328.49   15.082
6329.95   15.3091
6331.4   16.2066
6332.86   15.6759
6334.32   14.581
6335.78   15.0286
6337.24   16.2564
6338.7   15.8026
6340.16   15.1065
6341.62   14.7611
6343.08   15.4101
6344.54   15.4589
6346.0   14.8688
6347.46   15.1282
6348.92   15.1844
6350.38   15.2508
6351.85   16.2807
6353.31   16.3842
6354.77   15.0632
6356.24   14.5513
6357.7   15.9277
6359.16   14.9481
6360.63   15.6153
6362.09   16.7817
6363.56   16.2126
6365.02   14.8323
6366.49   15.6416
6367.95   15.1171
6369.42   15.9114
6370.89   15.795
6372.36   14.9176
6373.82   15.7896
6375.29   14.6768
6376.76   14.9212
6378.23   16.0981
6379.7   16.0343
6381.16   14.8843
6382.64   14.7676
6384.1   15.2665
6385.58   15.1596
6387.05   15.495
6388.51   15.4019
6389.99   15.1837
6391.46   15.8639
6392.93   15.0688
6394.4   14.6772
6395.88   15.3757
6397.35   15.1939
6398.82   14.481
6400.3   15.1483
6401.77   14.7835
6403.24   15.4499
6404.72   15.2304
6406.19   14.3937
6407.67   14.3707
6409.14   15.1439
6410.62   14.3172
6412.09   15.1597
6413.57   15.3114
6415.05   15.1032
6416.53   14.9866
6418.0   14.4596
6419.48   14.6676
6420.96   15.4304
6422.44   15.3318
6423.92   15.1237
6425.4   15.1593
6426.88   14.8677
6428.36   15.0659
6429.84   15.4088
6431.32   14.9939
6432.8   14.3578
6434.28   14.3112
6435.76   14.7919
6437.25   14.7531
6438.73   14.5625
6440.21   15.171
6441.69   15.1256
6443.17   14.7526
6444.66   15.6614
6446.14   15.3521
6447.63   15.2168
6449.11   15.1515
6450.6   15.0029
6452.08   14.9783
6453.57   15.4585
6455.06   16.1945
6456.54   14.8906
6458.03   15.934
6459.52   15.976
6461.01   14.7086
6462.49   15.8543
6463.98   14.8652
6465.47   14.4077
6466.96   14.6156
6468.45   14.7102
6469.94   14.5941
6471.43   14.8168
6472.92   15.1608
6474.41   14.6271
6475.9   14.3972
6477.39   14.264
6478.88   14.1362
6480.37   14.4011
6481.87   14.1981
6483.36   13.752
6484.85   13.987
6486.34   14.5651
6487.84   14.5013
6489.33   13.8103
6490.83   14.527
6492.32   14.3142
6493.82   14.5272
6495.31   14.4495
6496.81   13.5212
6498.3   13.2562
6499.8   15.1929
6501.3   13.9966
6502.8   13.6508
6504.29   14.4773
6505.79   14.7706
6507.29   14.1308
6508.79   13.9443
6510.29   13.781
6511.78   13.5413
6513.29   13.6565
6514.78   13.8813
6516.28   13.5466
6517.79   13.5055
6519.28   14.6408
6520.79   13.7199
6522.29   13.3355
6523.79   14.1307
6525.29   13.6276
6526.79   14.5574
6528.3   13.7069
6529.8   13.813
6531.31   14.2212
6532.81   14.0663
6534.32   14.0477
6535.82   13.5934
6537.32   13.2759
6538.83   13.8251
6540.33   13.6009
6541.84   12.9932
6543.35   13.8286
6544.86   13.2232
6546.36   13.2155
6547.87   14.3118
6549.38   14.2067
6550.88   13.3989
6552.39   14.1629
6553.9   13.018
6555.41   13.6095
6556.92   13.6983
6558.43   13.5642
6559.94   13.8523
6561.45   13.8404
6562.96   13.3667
6564.47   12.6072
6565.99   13.508
6567.5   13.7508
6569.01   12.9066
6570.52   13.3262
6572.04   13.2543
6573.55   14.1445
6575.06   13.6475
6576.58   13.5027
6578.09   14.3343
6579.61   14.1016
6581.12   13.7865
6582.64   13.6555
6584.15   13.6793
6585.67   13.7897
6587.19   13.8319
6588.7   13.7129
6590.22   13.7552
6591.74   13.9433
6593.26   14.0191
6594.78   14.3736
6596.29   14.902
6597.81   14.7915
6599.33   14.0807
6600.85   14.0678
6602.37   14.6845
6603.89   14.4892
6605.41   14.2083
6606.93   15.5219
6608.46   15.0873
6609.98   14.3076
6611.5   14.5305
6613.02   14.7488
6614.54   14.8467
6616.07   15.5324
6617.59   14.6132
6619.12   15.0525
6620.64   14.9504
6622.17   14.8912
6623.69   15.3155
6625.21   15.2253
6626.74   15.2857
6628.27   15.4338
6629.79   15.3431
6631.32   15.5531
6632.85   15.5497
6634.37   14.6906
6635.9   15.8201
6637.43   16.329
6638.96   15.8424
6640.49   15.9312
6642.02   16.7326
6643.55   16.7052
6645.08   16.3986
6646.61   16.7714
6648.14   17.146
6649.67   16.5212
6651.2   15.94
6652.73   16.9462
6654.27   16.6507
6655.8   17.123
6657.33   17.0704
6658.86   16.8355
6660.39   17.0956
6661.93   17.439
6663.46   17.2316
6665.0   17.234
6666.53   16.913
6668.07   17.3417
6669.6   18.1741
6671.14   17.8353
6672.68   18.4793
6674.21   19.3789
6675.75   18.9153
6677.29   18.5991
6678.83   18.7883
6680.36   18.2032
6681.9   19.1479
6683.44   19.8444
6684.98   18.9143
6686.52   19.046
6688.06   20.1391
6689.6   19.2671
6691.14   19.934
6692.68   20.0392
6694.22   20.3295
6695.76   20.8854
6697.31   21.2719
6698.85   21.3402
6700.39   21.2624
6701.93   20.9929
6703.47   20.6733
6705.02   20.2079
6706.56   19.6582
6708.11   19.5151
6709.65   20.1002
6711.2   19.526
6712.74   19.559
6714.29   19.5097
6715.84   18.9091
6717.38   18.8923
6718.93   19.1005
6720.48   19.0916
6722.02   19.0383
6723.57   19.0269
6725.12   18.872
6726.67   18.3939
6728.22   18.024
6729.77   18.2512
6731.32   18.5181
6732.87   18.3373
6734.42   18.2099
6735.97   18.8784
6737.52   19.0207
6739.07   18.482
6740.62   18.5141
6742.17   19.0966
6743.73   18.9996
6745.28   17.8982
6746.83   18.7206
6748.39   18.1952
6749.94   17.8715
6751.5   17.8483
6753.05   17.8107
6754.61   18.0287
6756.16   17.744
6757.72   17.5561
6759.27   17.1531
6760.83   17.5174
6762.39   17.8634
6763.94   16.5184
6765.5   17.0898
6767.06   17.4665
6768.62   16.7518
6770.18   16.6439
6771.73   17.2759
6773.3   16.8969
6774.85   17.0466
6776.42   16.3408
6777.98   16.1167
6779.53   16.2349
6781.1   16.0917
6782.66   15.8798
6784.22   15.9252
6785.78   15.4592
6787.35   15.6787
6788.91   15.7439
6790.47   15.3033
6792.04   15.4404
6793.6   15.4563
6795.17   15.2188
6796.73   15.3041
6798.3   15.4034
6799.86   15.3677
6801.43   15.3674
6802.99   14.621
6804.56   15.0665
6806.13   14.8861
6807.69   14.6046
6809.26   14.8246
6810.83   14.8769
6812.4   15.36
6813.97   14.6939
6815.53   15.3579
6817.11   15.9231
6818.67   15.1751
6820.25   14.8301
6821.82   15.4845
6823.39   15.3959
6824.96   15.7977
6826.53   16.3057
6828.1   17.0965
6829.67   19.147
6831.25   20.1487
6832.82   21.3528
6834.4   22.0677
6835.97   21.1656
6837.54   19.0827
6839.12   17.5634
6840.69   16.4787
6842.27   15.0294
6843.84   14.2998
6845.42   14.3986
6846.99   14.4982
6848.57   13.9268
6850.15   13.386
6851.73   13.3489
6853.31   13.5494
6854.88   13.3509
6856.46   13.1951
6858.04   13.8165
6859.62   13.1456
6861.2   13.5471
6862.78   13.2585
6864.36   13.1511
6865.94   13.4081
6867.52   12.8832
6869.1   14.5436
6870.68   13.9084
6872.27   13.81
6873.85   14.1796
6875.43   14.2678
6877.01   14.7355
6878.6   14.5928
6880.18   15.1357
6881.77   15.6522
6883.35   16.3018
6884.94   16.9013
6886.52   16.8496
6888.11   17.8595
6889.7   19.3569
6891.28   19.5405
6892.87   20.5095
6894.46   23.6128
6896.04   27.7704
6897.63   34.1744
6899.22   37.8458
6900.81   38.5082
6902.4   35.5
6903.99   29.6051
6905.58   23.9956
6907.17   20.0648
6908.76   17.4972
6910.35   15.9113
6911.94   14.9053
6913.53   14.2687
6915.12   13.8224
6916.72   13.0157
6918.31   13.244
6919.9   12.7402
6921.5   12.7241
6923.09   13.4656
6924.68   12.9661
6926.28   12.978
6927.87   12.8076
6929.47   12.9987
6931.07   12.8853
6932.66   12.6631
6934.26   13.3626
6935.85   12.8002
6937.45   13.0716
6939.05   12.8503
6940.65   12.6207
6942.25   12.7421
6943.84   12.2119
6945.44   11.6986
6947.04   11.81
6948.64   12.5285
6950.24   13.2406
6951.84   13.2921
6953.45   12.6092
6955.04   12.1608
6956.65   12.5048
6958.25   12.2636
6959.85   11.8737
6961.45   11.9888
6963.06   12.2294
6964.66   12.6135
6966.26   12.4993
6967.87   12.1434
6969.47   12.1704
6971.08   12.6593
6972.68   12.9591
6974.29   12.7563
6975.9   12.591
6977.5   12.4394
6979.11   12.192
6980.72   11.9917
6982.33   11.9995
6983.93   11.7898
6985.54   12.3921
6987.15   12.149
6988.76   12.0221
6990.37   12.4415
6991.98   11.9636
6993.59   11.9996
6995.2   12.0052
6996.81   12.2789
6998.42   12.1795
7000.03   11.6676
7001.64   11.8049
7003.26   12.0619
7004.87   11.58
7006.48   11.9726
7008.09   11.9809
7009.71   11.2194
7011.32   11.7061
7012.94   12.045
7014.55   11.2595
7016.17   11.742
7017.78   12.2583
7019.4   11.8942
7021.02   12.1213
7022.63   11.5969
7024.25   11.51
7025.87   11.5466
7027.49   11.3854
7029.1   11.4695
7030.72   12.0361
7032.34   11.1038
7033.96   11.2907
7035.58   11.138
7037.2   11.0549
7038.82   11.4527
7040.44   11.2562
7042.07   11.0662
7043.69   11.2351
7045.31   11.2539
7046.93   11.2998
7048.55   11.4788
7050.18   11.4425
7051.8   11.5538
7053.43   11.5333
7055.05   11.1826
7056.67   10.9853
7058.3   11.2157
7059.92   11.4306
7061.55   11.2864
7063.18   10.8982
7064.8   10.9133
7066.43   11.0526
7068.05   10.9628
7069.68   10.9175
7071.31   11.1077
7072.94   11.2973
7074.57   11.3938
7076.2   11.5876
7077.83   11.5892
7079.46   10.988
7081.09   11.2342
7082.72   11.499
7084.35   11.4354
7085.98   11.355
7087.61   11.6373
7089.25   12.0399
7090.88   11.4959
7092.51   11.3451
7094.14   11.6581
7095.78   11.6434
7097.41   11.4942
7099.05   11.9724
7100.68   10.9667
7102.31   10.8294
7103.95   11.4817
7105.59   11.808
7107.23   11.6479
7108.86   11.7552
7110.5   11.269
7112.14   11.6451
7113.77   11.6313
7115.41   11.1981
7117.05   10.9337
7118.69   10.8911
7120.33   11.0813
7121.97   10.6207
7123.61   10.5715
7125.25   10.9222
7126.89   10.8811
7128.53   10.4603
7130.17   11.3634
7131.81   11.1109
7133.46   10.9699
7135.1   11.0607
7136.74   10.8541
7138.39   10.6455
7140.03   10.8667
7141.67   10.3053
7143.32   11.1478
7144.96   11.7123
7146.61   11.0436
7148.25   11.3717
7149.9   11.0655
7151.55   11.2813
7153.19   11.3887
7154.84   11.517
7156.49   11.7368
7158.14   11.5671
7159.78   11.8312
7161.43   11.6585
7163.08   12.224
7164.73   12.4196
7166.38   11.762
7168.03   11.9621
7169.68   12.1604
7171.34   11.3218
7172.99   11.6648
7174.64   11.6678
7176.29   10.8497
7177.94   11.68
7179.6   11.1279
7181.25   11.2692
7182.9   11.044
7184.56   10.9537
7186.21   11.3703
7187.87   11.2042
7189.52   11.2124
7191.18   11.6271
7192.83   11.1775
7194.49   11.164
7196.15   12.0776
7197.8   11.7411
7199.46   10.5734
7201.12   11.1328
7202.78   11.3146
7204.44   11.1983
7206.1   11.4548
7207.75   11.3083
7209.41   11.0457
7211.08   10.8774
7212.73   11.2174
7214.4   11.3081
7216.06   11.074
7217.72   11.5033
7219.38   11.2191
7221.04   11.532
7222.71   11.6353
7224.37   11.2101
7226.04   10.9457
7227.7   11.3882
7229.36   11.0718
7231.03   11.034
7232.69   11.2173
7234.36   10.9271
7236.02   10.6434
7237.69   11.4084
7239.36   10.6393
7241.03   11.0193
7242.69   11.9338
7244.36   11.5363
7246.03   10.5387
7247.7   11.5811
7249.37   11.4854
7251.03   10.6297
7252.71   11.1416
7254.38   11.4356
7256.04   10.6272
7257.72   10.886
7259.39   10.7827
7261.06   10.5346
7262.73   10.7739
7264.41   11.1099
7266.08   11.3322
7267.75   11.6881
7269.42   10.7603
7271.1   10.7245
7272.77   11.0809
7274.45   11.3321
7276.12   11.0373
7277.8   10.4491
7279.47   12.6359
7281.15   11.3983
7282.83   10.8028
7284.51   11.266
7286.18   11.2767
7287.86   11.4205
7289.54   11.2111
7291.21   11.503
7292.9   11.3969
7294.57   10.9154
7296.26   10.8101
7297.93   11.2669
7299.62   11.1625
7301.3   11.3933
7302.98   10.8213
7304.66   10.3058
7306.34   10.8475
7308.03   11.5455
7309.71   11.6214
7311.39   11.0592
7313.07   11.2988
7314.76   11.7072
7316.44   11.3913
7318.13   10.8812
7319.81   10.3706
7321.5   11.7838
7323.19   11.8612
7324.87   11.1241
7326.56   10.9533
7328.25   10.4101
7329.93   10.6255
7331.62   10.9035
7333.31   11.0342
7335.0   10.8998
7336.69   10.7848
7338.38   11.1439
7340.07   10.8517
7341.76   9.57128
7343.45   10.0772
7345.14   10.9162
7346.83   10.6395
7348.52   11.0587
7350.22   11.0215
7351.91   10.861
7353.6   10.6229
7355.29   10.7731
7356.99   11.1188
7358.68   10.759
7360.38   10.9597
7362.07   10.9621
7363.77   10.8213
7365.46   11.0219
7367.16   11.2389
7368.85   10.5561
7370.55   10.4338
7372.25   11.2566
7373.95   11.4331
7375.65   11.4108
7377.34   11.4085
7379.04   10.4735
7380.74   11.3661
7382.44   11.037
7384.14   10.7907
7385.84   10.7554
7387.54   10.5523
7389.24   10.7438
7390.95   10.533
7392.65   10.1616
7394.35   10.3807
7396.05   10.5444
7397.76   10.1792
7399.46   10.0996
7401.16   10.2084
7402.87   10.2456
7404.57   10.4514
7406.28   10.6543
7407.98   10.5495
7409.69   10.2591
7411.4   10.3928
7413.1   11.3005
7414.81   11.2736
7416.52   10.8037
7418.23   10.7435
7419.93   10.3993
7421.64   10.1185
7423.35   10.3033
7425.06   10.6293
7426.77   10.4482
7428.48   9.9316
7430.19   10.0475
7431.9   10.0277
7433.62   10.3733
7435.33   10.508
7437.04   10.1827
7438.75   9.82232
7440.46   10.0898
7442.18   10.7953
7443.89   10.7736
7445.61   10.201
7447.32   9.95197
7449.04   10.1246
7450.75   9.90648
7452.46   10.179
7454.18   10.2361
7455.9   10.3628
7457.62   10.4133
7459.33   10.3179
7461.05   10.4536
7462.77   10.1802
7464.49   10.1369
7466.21   10.082
7467.92   10.106
7469.65   10.3745
7471.37   10.4644
7473.09   9.7252
7474.81   9.8331
7476.53   10.1454
7478.25   10.3181
7479.97   10.4384
7481.7   10.3578
7483.42   10.0035
7485.14   9.62717
7486.87   9.99673
7488.59   9.90609
7490.31   9.40503
7492.04   10.5946
7493.77   9.9909
7495.49   10.0268
7497.22   10.006
7498.94   9.83539
7500.67   9.84184
7502.4   9.69188
7504.12   9.76011
7505.85   10.4024
7507.58   10.0607
7509.31   9.57015
7511.04   9.94732
7512.77   10.0054
7514.5   9.48117
7516.23   9.64235
7517.96   10.0411
7519.69   10.3355
7521.42   10.4313
7523.15   10.2111
7524.89   10.0857
7526.62   9.9691
7528.35   9.98009
7530.09   9.99882
7531.82   9.99861
7533.56   10.1264
7535.29   9.8024
7537.02   10.0067
7538.76   9.91274
7540.5   9.58239
7542.23   9.64939
7543.97   9.98136
7545.71   9.64837
7547.45   10.1517
7549.18   10.0438
7550.92   9.68503
7552.66   9.72771
7554.4   9.3522
7556.14   9.70357
7557.88   10.0068
7559.62   9.77153
7561.36   9.61359
7563.1   9.84239
7564.84   9.75692
7566.59   9.90649
7568.33   9.62591
7570.07   9.60394
7571.81   9.55231
7573.56   9.25547
7575.3   9.48738
7577.05   9.5502
7578.79   10.057
7580.54   9.89618
7582.28   9.97353
7584.03   10.4599
7585.78   9.3865
7587.52   9.55269
7589.27   9.51793
7591.02   9.69821
7592.76   9.93631
7594.52   9.77957
7596.26   9.62334
7598.01   10.1213
7599.76   10.5737
7601.51   9.72818
7603.26   9.2135
7605.01   10.0563
7606.77   10.0558
7608.52   9.53713
7610.27   9.42009
7612.02   9.33346
7613.77   9.63201
7615.53   10.0762
7617.28   9.45697
7619.04   9.93058
7620.79   9.58749
7622.55   9.59246
7624.3   9.85056
7626.05   9.84973
7627.81   10.2817
7629.57   10.5379
7631.33   10.0663
7633.08   10.0325
7634.84   10.0086
7636.6   9.56543
7638.36   9.84262
7640.12   10.1213
7641.88   9.31656
7643.64   9.88754
7645.4   10.3161
7647.16   9.33243
7648.92   9.7519
7650.68   9.79825
7652.44   10.0073
7654.2   10.082
7655.97   9.8529
7657.73   9.76521
7659.49   10.2033
7661.26   9.74282
7663.02   10.0167
7664.79   9.52527
7666.55   9.01064
7668.32   9.55977
7670.08   9.80715
7671.85   9.57547
7673.61   9.59102
7675.38   10.1297
7677.15   10.2799
7678.92   9.5875
7680.69   9.32896
7682.45   10.0907
7684.23   9.39167
7685.99   9.43911
7687.76   10.0961
7689.53   9.85547
7691.3   9.2204
7693.08   9.61487
7694.85   9.75216
7696.62   9.49536
7698.39   9.38473
7700.16   9.51232
7701.94   9.38477
7703.71   9.78941
7705.49   9.6165
7707.26   9.0914
7709.04   9.28117
7710.81   9.9015
7712.59   9.18112
7714.36   9.20452
7716.14   8.89298
7717.92   9.25312
7719.69   9.61756
7721.47   9.34059
7723.25   9.66157
7725.03   9.55985
7726.81   9.54148
7728.58   9.42431
7730.37   9.41958
7732.14   9.63617
7733.93   9.55787
7735.71   9.46367
7737.49   9.23796
7739.27   9.36911
7741.05   9.7459
7742.84   9.68645
7744.62   9.08172
7746.4   9.83154
7748.19   9.71551
7749.97   8.97648
7751.75   8.69013
7753.54   9.45394
7755.33   10.4494
7757.11   9.26691
7758.9   9.69729
7760.68   9.91529
7762.47   9.41246
7764.26   9.32783
7766.04   9.77123
7767.84   9.64178
7769.62   9.39654
7771.41   9.44361
7773.2   9.4111
7774.99   9.11053
7776.78   9.18075
7778.57   9.35419
7780.37   9.80618
7782.16   9.81866
7783.95   9.3538
7785.74   9.16398
7787.54   9.61768
7789.33   9.05465
7791.12   9.89118
7792.92   9.28783
7794.71   8.65668
7796.51   9.67887
7798.3   9.26569
7800.1   9.08292
7801.89   9.55427
7803.69   9.52544
7805.49   9.45837
7807.28   9.72703
7809.08   9.10168
7810.88   9.15135
7812.68   9.8284
7814.48   9.63482
7816.28   9.26809
7818.08   9.73327
7819.88   9.74613
7821.68   8.58053
7823.48   8.88934
7825.28   9.17821
7827.08   9.22495
7828.88   9.45296
7830.69   9.09261
7832.49   9.46886
7834.3   9.0945
7836.1   9.40655
7837.91   9.61494
7839.71   8.91899
7841.51   9.22835
7843.32   9.31449
7845.13   9.73631
7846.94   9.72875
7848.74   9.41926
7850.55   9.50277
7852.36   9.87903
7854.17   9.72895
7855.97   9.39334
7857.78   9.66428
7859.59   9.76244
7861.4   9.12709
7863.21   9.19621
7865.02   10.0806
7866.84   9.27842
7868.65   9.64263
7870.46   9.91676
7872.27   8.61693
7874.08   9.13326
7875.9   9.70525
7877.71   9.86453
7879.53   9.99751
7881.34   10.0587
7883.15   9.80527
7884.97   9.52171
7886.78   9.89875
7888.6   10.4411
7890.42   9.75358
7892.24   9.25193
7894.05   9.9344
7895.87   9.5768
7897.69   9.68242
7899.51   9.57185
7901.33   9.4541
7903.15   9.62609
7904.97   10.0287
7906.79   10.1464
7908.61   9.24568
7910.43   9.61899
7912.25   9.62928
7914.07   8.93478
7915.89   9.06361
7917.72   10.5078
7919.54   9.65553
7921.36   9.50044
7923.19   9.45346
7925.01   9.34684
7926.84   9.60032
7928.66   9.6539
7930.49   9.31499
7932.32   8.94693
7934.14   9.41065
7935.97   9.9626
7937.8   9.61737
7939.63   9.14674
7941.45   9.42653
7943.28   9.24656
7945.11   9.36441
7946.94   9.69726
7948.77   9.3725
7950.6   8.65034
7952.43   9.90547
7954.26   9.96198
7956.1   9.49602
7957.93   9.36584
7959.76   9.38826
7961.59   9.27372
7963.43   9.67123
7965.26   9.733
7967.09   10.0937
7968.93   9.86273
7970.76   8.89876
7972.6   9.55505
7974.44   9.39836
7976.27   9.52978
7978.11   9.06068
7979.95   9.03939
7981.79   9.98935
7983.62   9.56374
7985.46   10.2014
7987.3   9.42486
7989.14   8.94373
7990.98   9.55202
7992.82   9.78818
7994.66   8.73365
7996.5   10.6574
7998.34   9.81541
8000.18   9.47953
8002.02   10.076
8003.87   9.67776
8005.71   9.46475
8007.56   9.93797
8009.4   9.55665
8011.25   9.53511
8013.09   9.55809
8014.93   8.91673
8016.78   8.96606
8018.63   9.72504
8020.47   9.92787
8022.32   10.0857
8024.17   9.8406
8026.02   9.15149
8027.86   9.6204
8029.71   9.88662
8031.56   9.7468
8033.41   10.2248
8035.26   10.9092
8037.11   10.6264
8038.96   9.61599
8040.81   9.9552
8042.67   10.0619
8044.52   9.79303
8046.37   9.71042
8048.22   10.0087
8050.08   10.1337
8051.93   9.88139
8053.78   10.0163
8055.64   9.87954
8057.49   10.0292
8059.35   10.6345
8061.21   9.95092
8063.06   9.85193
8064.92   10.4027
8066.77   10.0432
8068.63   9.50286
8070.49   9.90923
8072.35   9.99743
8074.21   10.0311
8076.07   10.1172
8077.93   10.5191
8079.79   10.76
8081.65   10.35
8083.51   9.93125
8085.37   10.3543
8087.23   10.2349
8089.1   10.2499
8090.96   10.3592
8092.82   10.3189
8094.69   10.8349
8096.55   10.6079
8098.42   10.845
8100.28   10.3807
8102.15   10.1716
8104.01   10.9988
8105.87   10.3904
8107.74   9.83324
8109.61   10.0484
8111.48   9.89921
8113.35   9.45935
8115.22   9.44562
8117.08   9.59438
8118.95   10.0758
8120.82   9.97591
8122.69   9.63011
8124.56   9.54333
8126.43   9.72212
8128.31   9.73957
8130.18   9.73867
8132.05   9.88866
8133.92   9.86728
8135.79   9.63871
8137.67   9.61395
8139.54   10.0067
8141.42   9.56372
8143.29   9.91808
8145.17   10.0506
8147.04   9.75243
8148.92   9.61721
8150.8   9.52773
8152.67   9.97374
8154.55   10.1621
8156.43   9.7708
8158.31   9.62453
8160.19   10.1297
8162.06   10.0302
8163.94   9.71605
8165.82   9.46981
8167.71   9.56415
8169.58   9.53265
8171.47   9.23645
8173.35   9.61345
8175.23   9.48555
8177.11   9.24934
8179.0   9.26365
8180.88   9.33102
8182.76   9.29108
8184.65   9.45091
8186.53   9.22022
8188.42   9.18968
8190.3   9.49601
8192.19   9.40504
8194.08   8.96358
8195.96   9.72056
8197.85   9.75319
8199.74   9.90599
8201.62   9.54253
8203.52   9.13891
8205.4   9.36388
8207.3   9.33542
8209.18   9.85224
8211.08   9.16487
8212.97   9.15912
8214.85   9.75864
8216.75   9.43943
8218.64   8.68659
8220.53   8.70225
8222.43   8.82458
8224.32   9.01961
8226.21   9.06026
8228.11   8.85699
8230.0   9.08621
8231.9   9.61134
8233.79   9.33944
8235.69   9.12473
8237.59   9.07586
8239.48   8.95242
8241.38   9.33756
8243.28   8.98648
8245.18   9.20962
8247.08   9.04085
8248.97   8.63533
8250.88   8.82566
8252.77   9.02588
8254.67   9.06133
8256.58   8.87849
8258.48   8.797
8260.38   8.97137
8262.28   9.20315
8264.19   9.19633
8266.09   9.33014
8267.99   9.16246
8269.9   9.02438
8271.8   9.06704
8273.71   9.12153
8275.61   9.04029
8277.52   8.63829
8279.42   8.84209
8281.33   8.74398
8283.24   8.9444
8285.14   9.91865
8287.05   9.46388
8288.96   8.38222
8290.87   9.04511
8292.78   9.79903
8294.69   9.37819
8296.6   8.50217
8298.51   8.53142
8300.42   8.30569
8302.33   9.1256
8304.24   8.92206
8306.15   8.46226
8308.07   9.17726
8309.98   8.75338
8311.89   8.67809
8313.81   9.03998
8315.72   9.01091
8317.64   8.68063
8319.55   8.69462
8321.47   8.89737
8323.39   8.52679
8325.3   8.80547
8327.22   9.09593
8329.14   8.96618
8331.06   8.81427
8332.97   8.96492
8334.89   8.48843
8336.81   8.40471
8338.73   8.60583
8340.65   8.87585
8342.57   9.08857
8344.5   8.8927
8346.42   8.58133
8348.34   9.61417
8350.26   9.5609
8352.18   8.86862
8354.11   9.14357
8356.03   8.78212
8357.96   9.48818
8359.88   9.20155
8361.81   9.01189
8363.73   9.19842
8365.65   9.06396
8367.58   8.97668
8369.51   8.88049
8371.44   8.86287
8373.36   9.27089
8375.29   9.47998
8377.22   9.16088
8379.15   9.5289
8381.08   9.22159
8383.01   8.71793
8384.94   8.76814
8386.87   9.3513
8388.8   9.62373
8390.73   8.90169
8392.67   8.90364
8394.6   8.7852
8396.53   9.15847
8398.47   8.85614
8400.4   7.47291
8402.34   8.41072
8404.27   9.10605
8406.2   9.22678
8408.14   8.85319
8410.08   8.44796
8412.02   8.52872
8413.95   8.97404
8415.89   9.04473
8417.83   8.34857
8419.76   8.52803
8421.71   8.98538
8423.64   8.46895
8425.58   8.48304
8427.52   8.49125
8429.47   7.75322
8431.41   8.77505
8433.35   9.70892
8435.29   8.34629
8437.23   8.85852
8439.18   9.08681
8441.12   8.81602
8443.06   8.82174
8445.01   8.66303
8446.95   8.03997
8448.9   8.50126
8450.84   8.59181
8452.79   7.86191
8454.73   8.54102
8456.68   9.46286
8458.63   8.59673
8460.58   8.42334
8462.53   9.07473
8464.47   8.05868
8466.42   7.43442
8468.37   8.3586
8470.33   9.34
8472.27   8.59757
8474.23   8.42351
8476.18   8.76467
8478.13   8.69036
8480.08   8.37503
8482.03   8.43713
8483.99   8.45467
8485.94   8.46463
8487.9   8.402
8489.85   8.37096
8491.8   8.39718
8493.76   8.35259
8495.71   8.15902
8497.67   8.24166
8499.63   8.29843
8501.59   8.60757
8503.54   8.48559
8505.5   7.63481
8507.46   8.00611
8509.42   9.12975
8511.38   8.43413
8513.34   8.04461
8515.3   8.46924
8517.26   8.52496
8519.22   8.70094
8521.19   8.38368
8523.15   8.35131
8525.11   8.24843
8527.07   8.16964
8529.04   8.45437
8531.0   8.5666
8532.96   8.57289
8534.93   8.53392
8536.89   8.54436
8538.86   8.6777
8540.83   8.62179
8542.8   7.95214
8544.76   8.62624
8546.73   8.63088
8548.7   8.50052
8550.67   8.64709
8552.64   8.63098
8554.6   8.43365
8556.58   8.59488
8558.55   8.20603
8560.51   8.12026
8562.49   8.52807
8564.46   8.74908
8566.43   8.60431
8568.4   8.13683
8570.38   7.86178
8572.35   8.36334
8574.32   8.72777
8576.3   8.18355
8578.27   8.32223
8580.25   8.53472
8582.23   8.45029
8584.21   8.26049
8586.18   8.26096
8588.16   8.45257
8590.14   8.43419
8592.11   8.28394
8594.09   8.54233
8596.07   8.56828
8598.05   8.24417
8600.03   8.01978
8602.01   8.00237
8603.99   8.5806
8605.97   8.14621
8607.96   7.94861
8609.94   8.2348
8611.92   8.35273
8613.9   8.92181
8615.89   8.68246
8617.87   8.14669
8619.85   8.37303
8621.84   8.38123
8623.83   7.64109
8625.81   8.81704
8627.8   8.47854
8629.79   8.71615
8631.77   8.56784
8633.76   8.12327
8635.75   8.39074
8637.74   8.37527
8639.73   8.4848
8641.72   8.91445
8643.71   9.16843
8645.7   8.86481
8647.69   8.47112
8649.68   9.0076
8651.67   8.74296
8653.67   8.34107
8655.66   8.81071
8657.65   9.2406
8659.64   8.46752
8661.64   8.11919
8663.63   9.22009
8665.63   8.89684
8667.62   9.02859
8669.62   9.28873
8671.62   8.42685
8673.61   9.27389
8675.61   9.34763
8677.61   9.24076
8679.6   9.57617
8681.61   10.2162
8683.6   10.3254
8685.61   9.35893
8687.6   9.67498
8689.6   9.16657
8691.61   8.78079
8693.61   9.05748
8695.61   9.14706
8697.61   8.69223
8699.62   8.74023
8701.62   9.02616
8703.62   8.92129
8705.63   8.62714
8707.63   8.66611
8709.64   8.75305
8711.64   9.0253
8713.65   9.05156
8715.65   8.84814
8717.66   8.82771
8719.67   9.04278
8721.68   8.77478
8723.69   8.97124
8725.69   9.12466
8727.71   9.04303
8729.71   8.68787
8731.72   8.39146
8733.74   8.8733
8735.74   8.75076
8737.76   8.93716
8739.77   8.67423
8741.78   8.61241
8743.79   9.58996
8745.81   9.43004
8747.82   8.62388
8749.84   8.86174
8751.85   9.19377
8753.87   9.1028
8755.89   9.08455
8757.9   9.17185
8759.92   9.30282
8761.93   8.73203
8763.95   8.85842
8765.97   9.38226
8767.99   9.19531
8770.01   9.55977
8772.03   9.30194
8774.05   9.34671
8776.07   9.53021
8778.09   9.89178
8780.11   10.3032
8782.13   9.59704
8784.16   9.5885
8786.18   9.44532
8788.2   9.40035
8790.23   9.60361
8792.25   9.71281
8794.28   9.58945
8796.3   9.4372
8798.33   9.07322
8800.35   9.08437
8802.38   9.29634
8804.41   9.09293
8806.43   8.91813
8808.46   9.10577
8810.49   8.93531
8812.52   9.2196
8814.55   9.71388
8816.58   9.5196
8818.61   9.33142
8820.64   9.06485
8822.67   9.06092
8824.7   9.94705
8826.73   8.77531
8828.76   5.95707
8830.8   10.9739
8832.83   9.72205
8834.86   9.17414
8836.9   8.39655
8838.93   7.93824
8840.97   9.71876
8843.01   9.19802
8845.05   9.27771
8847.08   9.35834
8849.12   9.0377
8851.16   9.01787
8853.19   9.66223
8855.23   9.57333
8857.27   9.76352
8859.31   9.33097
8861.35   9.04488
8863.39   9.60709
8865.43   10.0616
8867.47   8.66125
8869.52   9.37442
8871.56   10.0426
8873.6   9.81767
8875.65   9.52653
8877.69   9.90972
8879.74   10.0446
8881.78   9.70449
8883.83   10.6087
8885.87   9.60634
8887.92   8.64908
8889.96   11.0806
8892.01   11.0253
8894.06   10.4604
8896.11   10.6837
8898.16   10.5917
8900.2   10.8518
8902.26   11.9771
8904.3   10.6574
8906.36   11.2051
8908.41   11.435
8910.46   11.336
8912.51   11.4681
8914.56   11.6422
8916.62   11.6756
8918.67   12.7012
8920.72   11.48
8922.78   11.7825
8924.83   13.2475
8926.89   12.436
8928.94   12.3955
8931.0   12.6415
8933.05   13.0976
8935.11   13.4293
8937.17   13.5773
8939.23   13.627
8941.29   13.3969
8943.34   13.7113
8945.41   13.9683
8947.46   14.4376
8949.53   14.8984
8951.59   14.8744
8953.65   15.0042
8955.71   15.0197
8957.77   14.391
8959.84   15.2237
8961.9   16.3469
8963.96   15.4173
8966.03   15.5227
8968.09   16.0415
8970.16   16.1884
8972.22   16.5575
8974.29   17.017
8976.35   17.0373
8978.42   17.3987
8980.49   17.31
8982.56   17.6695
8984.63   19.2027
8986.69   19.2118
8988.77   16.4986
8990.83   17.6467
8992.91   17.7367
8994.98   21.063
8997.04   24.189
8999.12   23.8218
9001.19   21.2424
9003.27   20.1304
9005.34   21.4516
9007.41   22.1971
9009.49   23.04
9011.56   24.1176
9013.64   24.6757
9015.71   25.5186
9017.79   23.4911
9019.86   26.8383
9021.94   30.0492
9024.02   29.1579
9026.09   27.3915
9028.18   27.9589
9030.25   29.7558
9032.33   29.6814
9034.41   30.4909
9036.5   32.5299
9038.58   33.8588
9040.65   36.0888
9042.74   35.2147
9044.82   35.0845
9046.91   35.3792
9048.99   34.6718
9051.07   33.2014
9053.16   32.2575
9055.24   30.3202
9057.33   29.5315
9059.41   30.1185
9061.5   30.4835
9063.58   29.7149
9065.67   30.1618
9067.76   32.8501
9069.85   34.7749
9071.94   36.4398
9074.02   36.7719
9076.12   33.9487
9078.2   30.8618
9080.3   27.8279
9082.39   27.4233
9084.48   26.8449
9086.57   25.4096
9088.66   25.3429
9090.76   25.9244
9092.85   25.2698
9094.95   24.0602
9097.04   25.4188
9099.13   26.0382
9101.23   22.532
9103.32   23.9527
9105.42   24.0014
9107.52   23.5766
9109.62   23.9054
9111.71   23.6495
9113.81   22.1673
9115.91   23.2832
9118.01   22.0795
9120.11   22.6728
9122.21   22.9446
9124.31   21.9299
9126.41   21.3987
9128.51   20.6855
9130.61   21.2943
9132.71   21.31
9134.82   20.5062
9136.92   20.1033
9139.03   20.4217
9141.13   19.3253
9143.24   18.9971
9145.34   18.1974
9147.45   17.9639
9149.56   18.4174
9151.66   18.3694
9153.77   17.9956
9155.88   16.68
9157.99   16.6992
9160.1   16.861
9162.2   16.2378
9164.32   15.7249
9166.42   15.9724
9168.54   15.2817
9170.65   14.5193
9172.76   14.3618
9174.87   14.1147
9176.98   13.2791
9179.1   13.6024
9181.21   13.201
9183.33   12.6776
9185.44   12.5566
9187.56   12.4628
9189.67   11.9542
9191.79   11.7564
9193.91   11.4334
9196.02   10.9966
9198.14   11.0888
9200.26   11.3031
9202.38   10.7728
9204.5   10.4029
9206.61   10.7515
9208.74   10.2649
9210.85   10.2718
9212.98   10.4756
9215.1   9.5797
9217.22   9.77889
9219.34   9.18114
9221.46   9.87594
9223.59   9.92843
9225.71   9.01769
9227.84   9.05051
9229.96   9.20803
9232.09   9.15628
9234.21   9.16464
9236.34   9.19391
9238.47   9.14282
9240.59   9.07585
9242.73   9.11469
9244.85   8.90149
9246.98   8.89398
9249.11   9.38262
9251.24   9.90308
9253.37   10.0821
9255.5   10.8086
9257.63   10.74
9259.76   10.0043
9261.9   9.22449
9264.03   9.03831
9266.17   9.37175
9268.3   9.05517
9270.43   9.53389
9272.57   10.4198
9274.7   10.5607
9276.84   10.1381
9278.97   9.88859
9281.11   8.88258
9283.25   8.781
9285.38   8.74172
9287.53   8.64564
9289.66   8.52873
9291.8   8.25654
9293.94   8.05473
9296.08   7.98233
9298.22   8.2754
9300.36   8.52196
9302.51   8.48216
9304.65   8.5267
9306.79   8.74256
9308.93   6.19223
9311.08   8.09361
9313.22   10.3214
9315.37   9.44145
9317.51   7.62924
9319.66   6.79567
9321.81   10.2672
9323.95   7.38369
9326.1   5.65827
9328.25   8.11326
9330.39   8.39235
9332.54   8.21588
9334.69   7.89571
9336.84   8.08736
9338.99   7.44927
9341.14   7.65216
9343.29   9.55621
9345.44   6.16667
9347.6   8.44591
9349.75   8.82575
9351.9   7.7545
9354.06   7.56653
9356.21   7.75693
9358.37   7.91205
9360.52   8.11121
9362.68   8.06997
9364.83   7.90888
9366.99   7.64589
9369.14   7.32944
9371.31   7.70855
9373.46   8.69995
9375.62   6.15059
9377.78   6.17463
9379.94   9.00025
9382.1   8.31635
9384.26   7.34267
9386.42   7.67638
9388.58   7.72901
9390.75   7.74207
9392.91   8.01955
9395.07   7.96295
9397.23   7.41111
9399.4   7.86575
9401.56   7.64556
9403.73   7.42187
9405.89   7.74049
9408.06   7.90928
9410.22   7.69995
9412.39   7.65896
9414.56   7.84066
9416.73   7.998
9418.9   8.26694
9421.07   8.63942
9423.23   8.1075
9425.4   8.29268
9427.58   7.80835
9429.75   7.70283
9431.92   7.89001
9434.09   7.20463
9436.26   7.53484
9438.44   8.57605
9440.61   6.85605
9442.78   5.52557
9444.96   6.38886
9447.13   7.18891
9449.31   7.01613
9451.49   7.88679
9453.66   7.56495
9455.83   7.27198
9458.02   8.27746
9460.19   8.91955
9462.37   6.40871
9464.55   7.00712
9466.73   7.533
9468.91   7.85592
9471.09   7.82438
9473.27   7.14904
9475.45   8.87861
9477.64   6.91334
9479.82   6.14203
9482.0   6.72371
9484.18   7.33253
9486.37   7.7604
9488.55   7.37346
9490.74   7.76235
9492.93   7.50127
9495.11   7.79647
9497.3   8.31984
9499.48   7.64462
9501.67   8.07457
9503.86   6.32143
9506.05   6.38844
9508.24   7.16415
9510.43   7.45753
9512.62   7.92169
9514.81   7.44733
9517.0   7.95007
9519.19   6.87773
9521.38   6.25357
9523.58   6.91858
9525.77   7.15377
9527.96   7.63711
9530.16   7.36735
9532.35   7.65615
9534.55   7.9559
9536.74   7.74112
9538.94   7.47341
9541.13   7.39636
9543.33   7.43921
9545.53   7.29728
9547.72   7.26193
9549.93   7.12864
9552.12   6.3886
9554.33   5.95659
9556.52   7.22964
9558.73   7.69931
9560.93   7.58931
9563.13   7.75966
9565.33   8.09095
9567.53   8.03769
9569.74   6.40164
9571.94   6.95714
9574.15   7.669
9576.35   7.29172
9578.56   7.56319
9580.76   7.86655
9582.96   7.37114
9585.17   7.30019
9587.38   7.56043
9589.59   7.56134
9591.8   7.23958
9594.01   7.17734
9596.22   7.45192
9598.42   7.57795
9600.64   7.6533
9602.85   7.63884
9605.06   7.42643
9607.27   7.65353
9609.49   7.52517
9611.7   7.45288
9613.91   7.39973
9616.12   7.43362
9618.34   7.7079
9620.55   7.72115
9622.77   8.29086
9624.99   7.85861
9627.2   7.60203
9629.42   7.90118
9631.64   7.67445
9633.85   7.85081
9636.07   7.85362
9638.29   7.40706
9640.51   7.48469
9642.73   7.88691
9644.95   7.51426
9647.17   7.41063
9649.39   7.46113
9651.62   7.3376
9653.84   7.54286
9656.06   7.76284
9658.28   7.35623
9660.51   7.72867
9662.73   7.75972
9664.96   7.66307
9667.19   7.75608
9669.41   7.99556
9671.64   8.01593
9673.86   7.53136
9676.09   7.10003
9678.32   7.46408
9680.55   7.48902
9682.78   7.37866
9685.01   7.97223
9687.24   6.73063
9689.47   7.05814
9691.7   7.72676
9693.93   7.64507
9696.16   7.51317
9698.4   7.59769
9700.63   5.19918
9702.87   7.33948
9705.1   8.28746
9707.33   7.64393
9709.57   7.65648
9711.8   8.41642
9714.04   7.57337
9716.28   7.35259
9718.52   8.17379
9720.75   8.20899
9722.99   7.10598
9725.23   6.78747
9727.47   7.94868
9729.71   7.7197
9731.95   7.98876
9734.2   7.87063
9736.44   7.31259
9738.68   7.76347
9740.92   7.65276
9743.16   7.39595
9745.41   7.73025
9747.65   7.91642
9749.9   7.53267
9752.14   7.30671
9754.39   7.85925
9756.63   8.03513
9758.88   7.40577
9761.13   7.46053
9763.37   7.75177
9765.63   6.78208
9767.87   7.39522
9770.12   7.55602
9772.37   7.43199
9774.62   7.61406
9776.88   7.73924
9779.12   7.21631
9781.38   7.25365
9783.63   7.30046
9785.88   7.18156
9788.14   8.03459
9790.39   8.36007
9792.65   5.68309
9794.9   4.24438
9797.16   6.49892
9799.41   6.59947
9801.67   6.34997
9803.93   7.00287
9806.18   6.55596
9808.44   7.47097
9810.7   7.01407
9812.96   7.23905
9815.22   7.42285
9817.48   7.12061
9819.74   7.33214
9822.0   7.19764
9824.26   7.43273
9826.52   7.14409
9828.79   7.25291
9831.05   7.77892
9833.32   7.61073
9835.58   7.92529
9837.84   7.78406
9840.11   7.37594
9842.38   6.97343
9844.65   7.18667
9846.91   8.20904
9849.18   8.03399
9851.45   6.43693
9853.71   6.91669
9855.98   7.35026
9858.25   6.72979
9860.53   7.03331
9862.79   6.74326
9865.07   7.41754
9867.34   6.66588
9869.61   8.21675
9871.88   8.63714
9874.15   2.76823
9876.43   7.39444
9878.7   7.34823
9880.98   6.96672
9883.25   6.94467
9885.53   6.57287
9887.81   6.84693
9890.08   6.63002
9892.36   7.87081
9894.64   8.14916
9896.92   6.57666
9899.2   5.31534
9901.47   6.50409
9903.76   6.86264
9906.04   7.35279
9908.32   6.68268
9910.6   6.89608
9912.89   8.05649
9915.17   7.18135
9917.45   5.25078
9919.73   5.93693
9922.02   6.43803
9924.3   6.7251
9926.59   7.31694
9928.88   7.33246
9931.16   6.73143
9933.45   7.34937
9935.74   7.18436
9938.02   7.0698
9940.31   6.91641
9942.6   6.24107
9944.89   9.31232
9947.18   6.39397
9949.47   4.77101
9951.76   6.12502
9954.05   8.13345
9956.35   8.19509
9958.64   4.50926
9960.93   9.15982
9963.23   7.44615
9965.52   4.78092
9967.82   6.92795
9970.11   7.9516
9972.41   7.10646
9974.7   5.94868
9977.0   6.24951
9979.3   6.8202
9981.6   6.97954
9983.89   7.3303
9986.19   6.60276
9988.49   6.92285
9990.79   7.08848
9993.1   6.99316
9995.4   6.76673
9997.7   6.59326
10000.0   7.87587
10002.3   6.4771
10004.6   7.01417
10006.9   7.01962
10009.2   6.7499
10011.5   9.7675
10013.8   8.17612
10016.1   5.84685
10018.4   6.20016
10020.7   7.15109
10023.1   7.58537
10025.4   8.55265
10027.7   7.18157
10030.0   7.20131
10032.3   7.14504
10034.6   6.93402
10036.9   7.14791
10039.2   7.40561
10041.5   6.93811
10043.8   7.38054
10046.2   7.33204
10048.5   7.07761
10050.8   6.96805
10053.1   6.51012
10055.4   6.51528
10057.7   8.61283
10060.1   8.10469
10062.4   6.13865
10064.7   5.75173
10067.0   7.14045
10069.3   7.49189
10071.6   6.01833
10074.0   6.13747
10076.3   6.85928
10078.6   7.18253
10080.9   8.1842
10083.2   8.42804
10085.6   6.57265
10087.9   6.06307
10090.2   6.51457
10092.5   7.1249
10094.8   7.92666
10097.2   6.31979
10099.5   7.32682
10101.8   8.23693
10104.2   7.72467
10106.5   6.97908
10108.8   7.39532
10111.1   7.66346
10113.5   7.1052
10115.8   6.96484
10118.1   7.00071
10120.5   7.25398
10122.8   7.61369
10125.1   5.07505
10127.4   6.07226
10129.8   6.20573
10132.1   6.39512
10134.4   7.12103
10136.8   6.34173
10139.1   7.72787
10141.5   5.70423
10143.8   6.14961
10146.1   7.14652
10148.5   6.42668
10150.8   6.52549
10153.1   7.42099
10155.5   7.75986
10157.8   7.4859
10160.1   6.7069
10162.5   6.17646
10164.8   6.46145
10167.2   5.97516
10169.5   8.81373
10171.9   8.77331
10174.2   7.74804
10176.5   6.94439
10178.9   4.73676
10181.2   8.36225
10183.6   6.35419
10185.9   6.31381
10188.3   7.888
10190.6   7.27893
10192.9   5.34331
10195.3   6.26233
10197.7   7.15442
10200.0   7.55616
10202.3   6.24039
10204.7   5.19927
10207.0   8.00367
10209.4   9.02409
10211.7   5.16105
10214.1   4.47975
10216.5   5.45971
10218.8   6.07575
10221.2   8.10392
10223.5   7.02907
10225.9   8.16591
10228.2   5.45455
10230.6   4.97528
10232.9   7.55752
10235.3   5.44504
10237.6   7.73534
10240.0   6.4182
10242.4   6.58638
10244.7   7.26183
10247.1   6.95075
10249.4   7.63256
10251.8   7.29816
10254.2   7.50647
10256.5   7.16461
10258.9   6.49715
10261.2   7.28327
10263.6   9.21959
10266.0   6.01782
10268.3   5.97153
10270.7   5.47743
10273.1   5.37812
10275.4   6.2162
10277.8   5.1173
10280.2   3.82227
10282.5   4.88267
10284.9   6.4055
10287.3   19.3322
10289.6   26.0686
10292.0   -1.08258
10294.4   -0.791554
10296.7   7.54878
10299.1   1.81071
