3801.02   84.0006
3801.89   84.5305
3802.77   79.7138
3803.64   76.9816
3804.52   78.173
3805.4   73.9437
3806.27   72.5259
3807.15   74.1237
3808.03   71.3516
3808.9   84.2144
3809.78   77.7192
3810.66   80.6323
3811.54   73.9958
3812.41   78.7619
3813.29   83.8468
3814.17   85.7957
3815.05   89.6182
3815.93   89.711
3816.81   82.5043
3817.68   84.5566
3818.56   89.0832
3819.44   88.1415
3820.32   89.7971
3821.2   87.7077
3822.08   86.7732
3822.96   92.7582
3823.84   96.15
3824.72   91.0426
3825.6   90.9239
3826.48   92.1744
3827.37   98.9904
3828.25   92.1486
3829.13   94.1785
3830.01   99.102
3830.89   92.2825
3831.78   88.8322
3832.66   100.732
3833.54   91.1549
3834.42   99.5025
3835.31   104.473
3836.19   98.8861
3837.07   105.313
3837.96   107.121
3838.84   105.736
3839.72   109.967
3840.61   113.456
3841.49   112.352
3842.38   110.046
3843.26   124.096
3844.15   127.019
3845.03   120.897
3845.92   116.397
3846.8   130.356
3847.69   134.016
3848.58   117.102
3849.46   125.82
3850.35   138.48
3851.23   128.406
3852.12   135.333
3853.01   133.37
3853.9   130.056
3854.78   127.728
3855.67   130.488
3856.56   129.988
3857.45   121.742
3858.34   131.314
3859.22   125.379
3860.11   124.459
3861.0   117.082
3861.89   121.634
3862.78   119.611
3863.67   117.741
3864.56   118.601
3865.45   117.515
3866.34   122.617
3867.23   117.718
3868.12   113.799
3869.01   113.363
3869.9   112.318
3870.79   103.985
3871.68   107.857
3872.58   110.404
3873.47   100.068
3874.36   102.557
3875.25   113.652
3876.14   102.051
3877.04   111.788
3877.93   103.297
3878.82   103.72
3879.72   104.461
3880.61   102.467
3881.5   100.135
3882.4   97.6664
3883.29   101.958
3884.19   95.9691
3885.08   98.6044
3885.97   91.7739
3886.87   96.9553
3887.76   99.0317
3888.66   99.4329
3889.56   97.7763
3890.45   92.8698
3891.35   93.2101
3892.24   92.49
3893.14   86.888
3894.04   93.5325
3894.93   92.276
3895.83   89.7551
3896.73   91.7544
3897.62   90.8743
3898.52   89.3753
3899.42   90.9814
3900.32   86.9232
3901.22   85.7454
3902.11   82.8942
3903.01   82.8902
3903.91   89.7024
3904.81   90.6387
3905.71   87.5868
3906.61   86.5235
3907.51   86.8783
3908.41   87.6212
3909.31   88.3886
3910.21   80.6248
3911.11   83.0186
3912.01   82.1925
3912.91   83.5317
3913.81   85.5789
3914.71   81.9996
3915.61   80.6869
3916.52   84.8144
3917.42   81.4361
3918.32   78.209
3919.22   77.507
3920.13   89.1969
3921.03   81.5881
3921.93   81.823
3922.83   82.7298
3923.74   81.0948
3924.64   79.7986
3925.55   76.4436
3926.45   76.9985
3927.35   74.5743
3928.26   77.7893
3929.16   83.0599
3930.07   77.7001
3930.97   70.1063
3931.88   73.9197
3932.78   77.6331
3933.69   70.6127
3934.59   68.006
3935.5   73.2269
3936.41   72.229
3937.31   71.1831
3938.22   74.6268
3939.13   73.8912
3940.03   73.9531
3940.94   71.7539
3941.85   68.1707
3942.76   69.9301
3943.67   71.0244
3944.57   69.0051
3945.48   69.7059
3946.39   63.5894
3947.3   65.7068
3948.21   69.2396
3949.12   70.5936
3950.03   67.6299
3950.94   64.8649
3951.85   69.7134
3952.76   72.0716
3953.67   70.8236
3954.58   73.3237
3955.49   66.5478
3956.4   68.5073
3957.31   71.6824
3958.22   65.1492
3959.13   64.6743
3960.04   71.7191
3960.96   65.828
3961.87   67.6691
3962.78   67.4435
3963.69   63.0774
3964.61   70.2678
3965.52   68.6544
3966.43   63.88
3967.35   67.9067
3968.26   70.0379
3969.17   63.1271
3970.09   63.2183
3971.0   65.2284
3971.92   68.378
3972.83   70.0394
3973.75   65.8383
3974.66   71.6244
3975.58   71.4589
3976.49   66.0633
3977.41   63.952
3978.32   62.1845
3979.24   66.6228
3980.16   68.1501
3981.07   60.0582
3981.99   70.0574
3982.91   65.1973
3983.82   66.9779
3984.74   65.3056
3985.66   63.226
3986.58   67.935
3987.49   69.7152
3988.41   68.2168
3989.33   57.2151
3990.25   61.3595
3991.17   62.331
3992.09   61.5821
3993.01   65.1427
3993.93   65.0921
3994.85   62.8146
3995.76   61.616
3996.69   62.9057
3997.61   73.1626
3998.53   67.5132
3999.45   63.2193
4000.37   66.0408
4001.29   64.669
4002.21   62.4549
4003.13   62.8729
4004.05   64.4855
4004.98   63.7051
4005.9   59.782
4006.82   58.7061
4007.74   60.1197
4008.67   64.3297
4009.59   64.5431
4010.51   63.3865
4011.44   66.2231
4012.36   63.5002
4013.28   61.8658
4014.21   64.9865
4015.13   58.8922
4016.06   59.1326
4016.98   61.6245
4017.91   58.5002
4018.83   64.3294
4019.76   63.9246
4020.68   58.8796
4021.61   60.9269
4022.54   64.7198
4023.46   63.9669
4024.39   63.9836
4025.32   59.2254
4026.24   63.1173
4027.17   60.3487
4028.1   62.0555
4029.03   63.2094
4029.95   59.3373
4030.88   59.9167
4031.81   62.2299
4032.74   59.0501
4033.67   57.1595
4034.59   58.5819
4035.53   61.1355
4036.45   62.4374
4037.38   67.4222
4038.31   61.2502
4039.24   60.8067
4040.17   59.4493
4041.1   59.714
4042.03   62.8052
4042.96   56.9662
4043.9   60.173
4044.83   59.7136
4045.76   61.3883
4046.69   64.2749
4047.62   62.327
4048.55   60.1464
4049.49   62.6776
4050.42   63.4326
4051.35   59.5523
4052.29   58.804
4053.22   58.6947
4054.15   55.5282
4055.09   68.7885
4056.02   61.0452
4056.95   62.1909
4057.89   59.355
4058.82   60.9387
4059.76   64.7972
4060.69   62.2557
4061.63   59.4945
4062.56   60.3857
4063.5   62.6429
4064.43   58.449
4065.37   59.1929
4066.31   58.2318
4067.24   55.7673
4068.18   55.961
4069.11   58.0191
4070.05   61.0385
4070.99   63.616
4071.93   61.4375
4072.86   59.0611
4073.8   61.162
4074.74   61.9542
4075.68   55.8951
4076.62   57.4418
4077.56   59.4873
4078.5   61.2503
4079.43   62.0519
4080.37   59.6248
4081.31   60.2339
4082.25   61.5599
4083.19   58.4742
4084.13   58.0937
4085.08   56.7981
4086.02   63.6191
4086.96   63.8067
4087.9   59.8303
4088.84   58.5063
4089.78   58.4302
4090.72   58.3055
4091.67   57.6937
4092.61   60.1142
4093.55   60.1487
4094.49   57.7984
4095.43   61.9326
4096.38   61.5254
4097.32   59.6331
4098.27   61.9096
4099.21   62.5037
4100.15   60.314
4101.1   61.3717
4102.04   53.9622
4102.99   61.8907
4103.93   58.8156
4104.88   57.9616
4105.82   55.9935
4106.77   57.5892
4107.71   56.5493
4108.66   55.3589
4109.6   56.2309
4110.55   51.646
4111.5   56.069
4112.44   55.9167
4113.39   57.854
4114.34   55.8904
4115.29   59.7172
4116.23   54.1813
4117.18   54.5321
4118.13   60.6614
4119.08   60.5342
4120.03   57.9919
4120.98   55.9836
4121.92   53.0999
4122.87   54.9761
4123.82   56.1339
4124.77   54.2759
4125.72   57.4744
4126.67   58.4959
4127.62   56.6044
4128.57   54.8656
4129.52   53.5614
4130.47   53.7859
4131.43   56.0079
4132.38   60.6993
4133.33   55.9063
4134.28   56.0486
4135.23   54.2174
4136.19   53.7273
4137.14   53.4145
4138.09   53.0
4139.04   54.4811
4140.0   56.6471
4140.95   55.7169
4141.9   51.5414
4142.86   52.714
4143.81   49.3633
4144.77   52.0514
4145.72   52.6422
4146.68   51.8184
4147.63   53.6222
4148.58   52.7984
4149.54   50.1211
4150.5   51.7861
4151.45   51.1916
4152.41   53.7086
4153.36   50.5424
4154.32   53.5663
4155.28   47.4473
4156.23   50.726
4157.19   53.1919
4158.15   50.7051
4159.11   51.195
4160.06   52.12
4161.02   48.9823
4161.98   51.8984
4162.94   49.3863
4163.9   50.9961
4164.86   51.5584
4165.81   50.7778
4166.78   53.656
4167.73   50.5784
4168.69   47.3727
4169.65   51.2901
4170.61   53.0326
4171.58   48.1316
4172.53   52.1924
4173.5   50.0641
4174.46   49.176
4175.42   49.8492
4176.38   47.6111
4177.34   49.1528
4178.3   49.7849
4179.27   49.0047
4180.23   47.8008
4181.19   47.6568
4182.15   51.6901
4183.12   50.1548
4184.08   51.4844
4185.04   50.5006
4186.01   55.4422
4186.97   52.5008
4187.94   50.1228
4188.9   49.4919
4189.86   49.9921
4190.83   51.7051
4191.79   51.7861
4192.76   50.5355
4193.73   52.2034
4194.69   54.4437
4195.66   51.2645
4196.62   49.0279
4197.59   48.9896
4198.56   49.1262
4199.52   49.582
4200.49   48.4339
4201.46   48.5362
4202.43   50.4479
4203.39   50.9181
4204.36   55.8332
4205.33   48.9382
4206.3   56.8552
4207.27   46.9784
4208.23   47.862
4209.21   46.9811
4210.17   49.223
4211.14   50.3001
4212.11   47.8003
4213.08   48.8848
4214.05   51.5391
4215.02   54.2246
4216.0   51.4676
4216.96   51.7142
4217.94   50.3739
4218.91   48.3025
4219.88   45.8049
4220.85   49.5098
4221.82   53.1195
4222.8   49.2458
4223.77   47.355
4224.74   52.5717
4225.71   48.9844
4226.69   49.6699
4227.66   48.095
4228.63   50.2831
4229.61   47.6715
4230.58   50.02
4231.55   50.4882
4232.53   49.1119
4233.5   50.0691
4234.48   51.3381
4235.45   50.1338
4236.43   48.3422
4237.41   48.4034
4238.38   51.966
4239.36   53.3148
4240.33   46.0103
4241.31   48.2541
4242.29   52.3532
4243.26   52.5142
4244.24   51.1445
4245.22   50.3481
4246.2   50.0747
4247.17   50.4564
4248.15   53.2119
4249.13   52.1708
4250.11   48.0244
4251.09   53.0096
4252.06   49.5371
4253.05   46.8096
4254.02   47.3895
4255.0   50.7419
4255.98   52.2465
4256.96   50.385
4257.94   50.8532
4258.93   50.0077
4259.91   49.1698
4260.89   49.9372
4261.87   52.388
4262.85   50.2053
4263.83   49.5084
4264.81   50.544
4265.8   53.2021
4266.78   52.2984
4267.76   50.5697
4268.74   52.0456
4269.73   49.8071
4270.71   54.1847
4271.69   51.4692
4272.68   48.8071
4273.66   51.6744
4274.64   52.9191
4275.63   50.5363
4276.61   52.8674
4277.6   51.7653
4278.58   50.7104
4279.57   56.1867
4280.55   56.235
4281.54   52.1959
4282.53   53.2096
4283.51   53.6136
4284.5   51.3288
4285.48   53.1874
4286.47   52.1835
4287.46   48.1326
4288.45   51.871
4289.43   54.8082
4290.42   51.1876
4291.41   51.2752
4292.4   54.5748
4293.39   52.1114
4294.38   51.5762
4295.36   54.7249
4296.35   55.577
4297.34   54.661
4298.33   51.3423
4299.32   50.3798
4300.31   51.7726
4301.3   54.381
4302.29   56.6663
4303.28   56.214
4304.27   54.378
4305.27   53.9128
4306.26   54.4583
4307.25   51.6011
4308.24   55.4371
4309.23   55.9416
4310.23   55.6769
4311.22   55.4783
4312.21   54.8079
4313.2   54.9242
4314.2   55.404
4315.19   54.5729
4316.18   52.6455
4317.18   51.6229
4318.17   58.3805
4319.17   55.8521
4320.16   54.5211
4321.16   54.8882
4322.15   53.5518
4323.15   52.8853
4324.14   51.108
4325.14   53.6626
4326.13   55.5633
4327.13   51.0177
4328.13   54.0943
4329.12   55.9996
4330.12   54.2808
4331.12   55.7863
4332.11   53.4871
4333.11   53.5345
4334.11   55.1427
4335.11   51.7761
4336.11   51.4707
4337.11   53.2295
4338.1   51.9717
4339.1   51.3856
4340.1   52.6756
4341.1   53.6911
4342.1   56.4206
4343.1   53.9359
4344.1   53.4825
4345.1   54.2341
4346.1   52.7298
4347.1   52.2731
4348.1   52.0339
4349.11   50.9331
4350.11   51.9548
4351.11   52.618
4352.11   49.4657
4353.11   51.3264
4354.12   53.0976
4355.12   55.9022
4356.12   55.3208
4357.12   53.2247
4358.13   52.7345
4359.13   51.9899
4360.13   52.479
4361.14   53.6966
4362.14   52.9421
4363.15   51.2349
4364.15   51.2816
4365.16   52.6401
4366.16   54.3615
4367.17   51.9816
4368.18   54.7392
4369.18   52.127
4370.19   51.9792
4371.19   55.1505
4372.2   51.1297
4373.21   53.4344
4374.21   55.7546
4375.22   51.5837
4376.23   49.7801
4377.24   51.2878
4378.24   53.0195
4379.25   52.9941
4380.26   54.4095
4381.27   53.824
4382.28   56.1485
4383.29   57.6391
4384.3   52.6741
4385.31   52.3986
4386.32   53.0327
4387.33   54.0793
4388.34   54.4534
4389.35   53.7324
4390.36   56.4832
4391.37   54.8764
4392.38   54.7201
4393.39   53.7169
4394.4   51.7222
4395.42   53.3082
4396.43   53.7345
4397.44   55.3505
4398.45   54.452
4399.47   53.445
4400.48   51.494
4401.49   52.7784
4402.51   56.7483
4403.52   53.6871
4404.53   55.4424
4405.55   57.5042
4406.56   55.1098
4407.58   52.6718
4408.59   52.6336
4409.61   51.6396
4410.62   51.1299
4411.64   51.013
4412.66   52.982
4413.67   52.4041
4414.69   51.0887
4415.7   54.2143
4416.72   54.3335
4417.74   50.1411
4418.75   53.2929
4419.77   52.4717
4420.79   51.2308
4421.81   49.3936
4422.83   48.7073
4423.85   51.7353
4424.86   52.9986
4425.88   51.501
4426.9   50.6414
4427.92   50.8625
4428.94   51.9898
4429.96   52.3451
4430.98   49.3486
4432.0   52.164
4433.02   49.2567
4434.04   49.7781
4435.06   48.0636
4436.09   50.9774
4437.11   51.6639
4438.13   52.101
4439.15   51.2039
4440.17   47.7361
4441.2   49.752
4442.22   51.8401
4443.24   47.2181
4444.27   50.3261
4445.29   51.338
4446.31   50.3229
4447.34   51.5725
4448.36   50.5735
4449.38   49.7115
4450.41   49.9791
4451.43   48.0942
4452.46   49.9266
4453.48   50.2987
4454.51   48.5767
4455.54   48.0664
4456.56   47.5325
4457.59   47.2224
4458.61   48.7753
4459.64   50.7836
4460.67   50.7184
4461.7   50.0805
4462.72   49.0136
4463.75   50.0744
4464.78   49.0924
4465.81   48.2004
4466.84   48.9753
4467.86   47.9354
4468.89   47.4925
4469.92   50.7084
4470.95   51.2822
4471.98   47.0789
4473.01   45.9779
4474.04   43.0981
4475.07   44.5323
4476.1   49.1337
4477.13   49.8182
4478.16   48.8591
4479.2   48.5983
4480.23   45.2298
4481.26   47.9563
4482.29   50.4454
4483.32   47.7235
4484.36   45.2864
4485.39   47.1078
4486.42   50.3216
4487.45   50.3438
4488.49   51.2534
4489.52   48.6529
4490.55   48.4438
4491.59   48.8574
4492.62   47.4773
4493.66   48.1985
4494.69   46.1281
4495.73   50.6399
4496.76   50.2544
4497.8   48.0665
4498.83   47.8764
4499.87   47.5031
4500.91   47.7337
4501.94   45.042
4502.98   48.9375
4504.02   48.2502
4505.06   46.8441
4506.09   46.1251
4507.13   49.3292
4508.17   46.3522
4509.2   45.952
4510.24   46.6316
4511.28   47.9159
4512.32   47.3162
4513.36   46.8279
4514.4   47.8919
4515.44   47.0884
4516.48   46.1674
4517.52   47.3215
4518.56   48.6392
4519.6   50.7112
4520.64   48.2954
4521.68   46.3434
4522.72   46.4387
4523.76   47.079
4524.81   45.3752
4525.85   46.5803
4526.89   47.5371
4527.93   48.4546
4528.97   47.7123
4530.02   47.635
4531.06   49.3168
4532.11   46.3864
4533.15   49.3978
4534.19   49.4333
4535.24   45.23
4536.28   47.7547
4537.33   47.2623
4538.37   46.1175
4539.42   44.4447
4540.46   46.2329
4541.51   44.6252
4542.55   43.9067
4543.6   42.8273
4544.65   45.0155
4545.69   48.0927
4546.74   46.5438
4547.79   47.7992
4548.83   45.8809
4549.88   47.7193
4550.93   46.4639
4551.98   48.5886
4553.02   45.4861
4554.07   44.8539
4555.12   43.5365
4556.17   43.1804
4557.22   47.5426
4558.27   44.755
4559.32   44.4314
4560.37   46.6452
4561.42   47.6143
4562.47   47.2344
4563.52   42.607
4564.57   44.6947
4565.62   46.2998
4566.67   46.4665
4567.72   47.2463
4568.78   47.2742
4569.83   45.6029
4570.88   44.8383
4571.93   45.7478
4572.99   47.2926
4574.04   46.1411
4575.09   43.6506
4576.15   41.8759
4577.2   43.0833
4578.26   44.948
4579.31   45.6069
4580.37   47.4249
4581.42   45.3583
4582.47   46.0573
4583.53   44.6078
4584.58   44.3932
4585.64   46.0539
4586.7   43.4148
4587.75   44.1814
4588.81   46.638
4589.86   45.394
4590.92   45.3225
4591.98   45.3064
4593.04   45.0051
4594.1   45.7375
4595.15   45.0813
4596.21   44.5692
4597.27   46.5302
4598.33   45.3813
4599.39   46.0181
4600.45   44.5319
4601.51   44.1432
4602.57   44.4744
4603.63   46.5246
4604.68   46.0291
4605.75   43.5528
4606.81   44.966
4607.87   46.1061
4608.93   45.0799
4609.99   45.3049
4611.05   47.0009
4612.11   46.7021
4613.18   44.5247
4614.24   42.8625
4615.3   42.9762
4616.36   46.175
4617.43   43.5883
4618.49   42.5187
4619.55   40.7117
4620.62   44.3677
4621.68   42.4693
4622.75   46.2118
4623.81   47.4192
4624.88   43.9879
4625.94   45.0879
4627.0   43.4401
4628.07   41.7285
4629.14   43.8073
4630.2   44.9161
4631.27   44.1727
4632.34   42.9685
4633.4   40.9816
4634.47   41.6148
4635.54   44.1697
4636.6   43.6349
4637.67   39.1794
4638.74   44.4212
4639.81   43.6245
4640.88   43.0787
4641.94   44.7719
4643.01   43.8216
4644.08   42.7473
4645.15   41.5311
4646.22   41.3668
4647.29   42.9607
4648.36   43.8539
4649.43   44.2802
4650.5   44.8675
4651.57   44.0563
4652.65   43.3452
4653.72   42.8626
4654.79   45.2821
4655.86   45.2129
4656.93   38.8574
4658.01   42.9407
4659.08   43.0141
4660.15   43.5728
4661.22   40.4463
4662.3   41.9943
4663.37   43.5443
4664.45   44.75
4665.52   44.4058
4666.59   44.1711
4667.67   42.6773
4668.74   41.7629
4669.82   45.1648
4670.89   42.5457
4671.97   41.1087
4673.05   43.0683
4674.12   44.6971
4675.2   45.0007
4676.27   44.0505
4677.35   41.966
4678.43   42.9409
4679.51   45.0773
4680.58   41.7963
4681.66   43.7418
4682.74   44.6996
4683.82   44.2363
4684.9   42.4213
4685.98   40.9876
4687.06   42.3129
4688.13   44.199
4689.21   44.2452
4690.29   43.8478
4691.37   45.1702
4692.45   42.6635
4693.53   41.6287
4694.62   44.4773
4695.7   44.0911
4696.78   43.6449
4697.86   44.2576
4698.94   46.1907
4700.02   44.6837
4701.1   44.7148
4702.19   41.8193
4703.27   43.0519
4704.35   45.391
4705.44   43.7153
4706.52   45.1418
4707.61   46.7009
4708.69   43.3596
4709.77   43.5482
4710.86   45.705
4711.94   43.5829
4713.03   44.0994
4714.11   46.536
4715.2   44.9853
4716.28   45.7363
4717.37   47.0694
4718.46   49.7587
4719.54   47.9073
4720.63   46.5462
4721.72   48.1407
4722.81   46.9017
4723.89   46.7441
4724.98   46.0443
4726.07   46.3895
4727.16   45.8319
4728.25   43.5962
4729.33   43.6415
4730.42   45.4699
4731.51   45.1006
4732.6   42.6932
4733.69   43.129
4734.78   44.8463
4735.87   43.3021
4736.96   42.3615
4738.05   45.2692
4739.14   45.4134
4740.24   39.1801
4741.33   40.0021
4742.42   42.4451
4743.51   43.1253
4744.6   42.5758
4745.7   41.3904
4746.79   44.1604
4747.88   42.9484
4748.98   39.4664
4750.07   40.8591
4751.16   44.4392
4752.26   44.0543
4753.35   40.8611
4754.45   41.9555
4755.54   43.1092
4756.64   38.3475
4757.73   40.3654
4758.83   41.7305
4759.92   43.8094
4761.02   41.7155
4762.12   43.0825
4763.21   41.5388
4764.31   42.6291
4765.41   43.0375
4766.5   40.9922
4767.6   40.7068
4768.7   40.0755
4769.8   41.8953
4770.9   41.9203
4772.0   40.1262
4773.1   42.7532
4774.19   42.5779
4775.29   40.2491
4776.39   43.0721
4777.49   42.7482
4778.59   40.251
4779.69   40.9148
4780.79   40.9737
4781.89   40.0766
4782.99   41.2406
4784.1   41.0534
4785.2   42.8595
4786.3   40.9303
4787.4   40.6552
4788.51   42.0631
4789.61   42.7539
4790.71   41.7609
4791.81   42.8258
4792.92   43.1705
4794.02   42.2467
4795.13   41.6832
4796.23   41.7981
4797.33   40.9318
4798.44   43.552
4799.54   42.8174
4800.65   39.3145
4801.76   41.7154
4802.86   39.8776
4803.97   41.8329
4805.07   44.6745
4806.18   42.6895
4807.29   42.0701
4808.39   42.3581
4809.5   41.0717
4810.61   40.9846
4811.72   41.1048
4812.82   39.384
4813.93   39.7203
4815.04   42.3877
4816.15   41.5715
4817.26   42.0651
4818.37   39.8619
4819.48   40.7764
4820.59   42.1383
4821.7   39.1501
4822.81   39.383
4823.92   40.5101
4825.03   41.5523
4826.14   42.3251
4827.25   40.9403
4828.36   42.1929
4829.48   42.0381
4830.59   41.8787
4831.7   42.3194
4832.81   39.2119
4833.93   42.5973
4835.04   41.0202
4836.15   39.5518
4837.27   39.9134
4838.38   41.3386
4839.49   41.5306
4840.61   41.8764
4841.72   40.557
4842.84   39.3423
4843.95   40.8776
4845.07   40.2968
4846.19   40.9217
4847.3   39.9563
4848.42   40.5034
4849.53   38.7737
4850.65   41.5641
4851.77   39.6413
4852.89   36.6573
4854.0   38.7439
4855.12   39.8759
4856.24   40.1015
4857.36   39.6136
4858.48   40.0224
4859.59   38.3211
4860.71   39.9135
4861.83   40.5719
4862.95   40.0802
4864.07   40.9124
4865.19   39.8116
4866.31   39.1627
4867.43   39.0156
4868.56   39.9229
4869.68   38.101
4870.8   39.3786
4871.92   41.2218
4873.04   38.3526
4874.16   38.6865
4875.28   39.4954
4876.41   39.0134
4877.53   39.2903
4878.65   40.6689
4879.78   40.6108
4880.9   39.0546
4882.03   38.0731
4883.15   37.2641
4884.27   36.7026
4885.4   37.7454
4886.52   39.4578
4887.65   40.0289
4888.77   38.7043
4889.9   38.131
4891.03   40.4692
4892.15   39.5206
4893.28   38.6764
4894.4   38.4297
4895.53   37.7093
4896.66   37.9259
4897.79   39.328
4898.92   38.5522
4900.05   37.9588
4901.17   38.5039
4902.3   39.3304
4903.43   38.3887
4904.56   37.2756
4905.69   39.4702
4906.82   39.0605
4907.95   36.6344
4909.08   38.5177
4910.21   39.4283
4911.34   39.4249
4912.47   39.7421
4913.6   38.0725
4914.73   37.7595
4915.87   38.9401
4917.0   39.5301
4918.13   38.962
4919.26   39.3514
4920.39   41.3969
4921.53   40.8972
4922.66   38.7572
4923.8   38.1386
4924.93   37.1956
4926.06   38.3456
4927.2   39.3059
4928.33   37.9762
4929.47   36.7839
4930.6   37.4831
4931.74   40.8718
4932.87   41.4237
4934.01   40.4427
4935.15   39.0576
4936.28   36.5878
4937.42   36.6778
4938.56   38.6608
4939.69   40.4045
4940.83   39.7349
4941.97   38.1357
4943.11   39.4827
4944.24   42.2912
4945.38   40.3504
4946.52   38.3184
4947.66   36.6817
4948.8   38.7331
4949.94   38.82
4951.08   36.5013
4952.22   36.5196
4953.36   36.8618
4954.5   37.2113
4955.64   37.3427
4956.78   38.4241
4957.93   38.7029
4959.07   38.2218
4960.21   39.4763
4961.35   39.1363
4962.49   38.6841
4963.64   38.2748
4964.78   37.1913
4965.92   37.9421
4967.07   37.471
4968.21   41.0245
4969.35   35.8728
4970.5   36.4731
4971.64   40.3822
4972.79   40.4984
4973.94   38.2892
4975.08   39.5384
4976.22   40.3997
4977.37   37.825
4978.52   35.4519
4979.66   37.0291
4980.81   37.3649
4981.96   37.5861
4983.1   37.869
4984.25   37.0518
4985.4   35.8022
4986.55   35.3994
4987.7   36.1967
4988.84   37.2445
4989.99   39.7964
4991.14   38.6922
4992.29   39.5323
4993.44   38.2348
4994.59   37.6393
4995.74   37.281
4996.89   35.5329
4998.04   36.7405
4999.19   38.4754
5000.34   36.6561
5001.5   36.6308
5002.65   37.9115
5003.8   37.3872
5004.95   38.0612
5006.11   37.876
5007.26   38.2992
5008.41   40.0296
5009.56   37.1747
5010.72   35.9036
5011.87   37.9626
5013.03   37.4962
5014.18   37.3078
5015.34   38.3781
5016.49   37.4058
5017.65   36.4107
5018.8   36.7275
5019.96   36.0519
5021.11   37.7017
5022.27   35.9305
5023.43   38.69
5024.58   36.263
5025.74   34.656
5026.9   37.9775
5028.06   36.6805
5029.21   36.0549
5030.37   37.7017
5031.53   35.6747
5032.69   35.4342
5033.85   37.2108
5035.0   38.4918
5036.17   36.8892
5037.32   35.9892
5038.49   39.4494
5039.65   38.4096
5040.81   37.3456
5041.97   36.434
5043.13   37.9598
5044.29   35.4743
5045.45   37.1582
5046.61   36.6153
5047.77   36.7698
5048.94   39.0393
5050.1   36.308
5051.26   37.0366
5052.43   39.2241
5053.59   37.0093
5054.75   35.8156
5055.92   34.8734
5057.08   35.1718
5058.25   36.8538
5059.41   37.7988
5060.58   37.5178
5061.74   37.4217
5062.91   34.9605
5064.07   34.872
5065.24   37.7196
5066.41   36.8053
5067.57   37.0415
5068.74   36.6303
5069.91   35.002
5071.08   36.0268
5072.24   38.3977
5073.41   37.1594
5074.58   36.6359
5075.75   35.1868
5076.92   35.8546
5078.08   35.4454
5079.26   36.2999
5080.42   34.5093
5081.6   35.7469
5082.76   37.1991
5083.93   36.3596
5085.11   35.8354
5086.28   36.3923
5087.45   37.4134
5088.62   36.6996
5089.79   35.924
5090.96   36.9409
5092.13   35.4554
5093.31   34.5127
5094.48   35.8785
5095.66   35.0656
5096.83   38.3068
5098.0   36.1193
5099.18   34.2618
5100.35   35.1521
5101.52   35.0645
5102.7   36.5443
5103.88   34.063
5105.05   35.2593
5106.23   34.1477
5107.4   36.9641
5108.58   35.2614
5109.75   36.6035
5110.93   35.1341
5112.11   35.3218
5113.28   34.6605
5114.46   33.856
5115.64   36.135
5116.82   35.4403
5118.0   35.5012
5119.17   36.3703
5120.35   35.7638
5121.53   34.761
5122.71   33.7057
5123.89   33.1169
5125.07   35.7755
5126.25   37.8701
5127.43   33.5961
5128.61   35.4088
5129.79   33.0771
5130.98   36.2834
5132.16   35.7866
5133.34   38.3472
5134.52   39.5486
5135.7   37.4447
5136.89   39.2755
5138.07   37.9557
5139.25   39.1625
5140.44   36.9608
5141.62   36.7332
5142.8   33.3858
5143.99   34.7235
5145.17   35.0318
5146.36   34.8415
5147.54   33.9276
5148.73   33.8358
5149.92   35.2985
5151.1   33.8396
5152.29   34.3358
5153.47   32.9765
5154.66   34.1034
5155.85   35.7841
5157.03   35.1456
5158.22   34.0744
5159.41   34.2639
5160.6   36.186
5161.79   35.3076
5162.97   36.2102
5164.16   34.2737
5165.35   34.0561
5166.54   35.4582
5167.73   34.5529
5168.92   33.3096
5170.11   34.4136
5171.3   34.9517
5172.49   36.5467
5173.68   35.0788
5174.88   33.4545
5176.07   32.9395
5177.26   32.7486
5178.45   34.0113
5179.64   34.5956
5180.84   35.0091
5182.03   36.1269
5183.23   36.7
5184.42   35.482
5185.61   33.5969
5186.81   33.0929
5188.0   33.3174
5189.2   33.4239
5190.39   33.482
5191.59   33.7643
5192.78   32.6228
5193.98   31.6259
5195.17   34.6128
5196.37   35.6154
5197.57   33.1988
5198.76   33.2891
5199.96   32.9703
5201.16   33.8152
5202.36   34.12
5203.55   34.0019
5204.75   34.5244
5205.95   33.4156
5207.15   32.8693
5208.35   33.3414
5209.55   32.6693
5210.75   32.8014
5211.95   33.6787
5213.15   34.0333
5214.35   33.3479
5215.55   31.9509
5216.75   33.3884
5217.95   33.2364
5219.15   32.9708
5220.35   33.3611
5221.56   33.1926
5222.76   32.7664
5223.96   31.2001
5225.17   31.0796
5226.37   31.5184
5227.57   31.317
5228.78   30.4701
5229.98   32.0922
5231.18   31.8357
5232.39   30.4884
5233.59   30.7416
5234.8   32.6385
5236.01   33.4327
5237.21   32.1646
5238.42   32.1588
5239.62   32.7945
5240.83   33.1723
5242.04   32.325
5243.24   31.7844
5244.45   29.2832
5245.66   30.9024
5246.87   31.9774
5248.07   32.3782
5249.28   32.7412
5250.49   32.9666
5251.7   32.8252
5252.91   30.5554
5254.12   30.8305
5255.33   32.027
5256.54   31.7953
5257.75   29.4707
5258.96   30.7074
5260.17   32.0662
5261.39   30.7142
5262.6   31.9961
5263.81   32.3266
5265.02   31.562
5266.23   29.531
5267.45   30.5856
5268.66   32.2865
5269.87   31.8571
5271.08   30.2242
5272.3   32.361
5273.51   32.0622
5274.73   32.8002
5275.94   30.4184
5277.16   33.2091
5278.37   31.9365
5279.59   31.5447
5280.8   31.3131
5282.02   30.8087
5283.23   28.8234
5284.45   32.3723
5285.67   29.9429
5286.89   30.2278
5288.1   29.4996
5289.32   30.7344
5290.54   29.6849
5291.76   31.5314
5292.98   32.7967
5294.2   31.8228
5295.42   32.2697
5296.63   29.9037
5297.86   30.062
5299.07   30.3016
5300.29   29.9756
5301.52   31.5043
5302.74   29.487
5303.96   30.0945
5305.18   30.6621
5306.4   30.5944
5307.62   31.8215
5308.84   30.3712
5310.07   32.2349
5311.29   31.8315
5312.51   31.4763
5313.74   31.6739
5314.96   31.3481
5316.18   33.0124
5317.41   32.7511
5318.63   32.5791
5319.86   31.3612
5321.08   31.4266
5322.31   31.9955
5323.53   31.3109
5324.76   32.4379
5325.98   32.2536
5327.21   33.2689
5328.44   35.5058
5329.67   35.8604
5330.89   35.4108
5332.12   35.1094
5333.35   33.8571
5334.58   32.7885
5335.81   32.5135
5337.03   32.2275
5338.26   31.3195
5339.49   31.4333
5340.72   30.0878
5341.95   32.3679
5343.18   31.367
5344.41   30.6041
5345.64   32.3007
5346.88   31.3086
5348.11   30.6824
5349.34   31.9535
5350.57   32.7016
5351.8   32.4193
5353.03   30.4977
5354.27   30.664
5355.5   31.6134
5356.73   30.9979
5357.97   30.7854
5359.2   31.3177
5360.43   30.998
5361.67   32.5911
5362.9   31.2573
5364.14   30.7796
5365.37   30.4142
5366.61   31.2211
5367.85   31.3313
5369.08   30.9198
5370.32   30.3814
5371.55   28.6458
5372.79   30.4687
5374.03   30.1935
5375.27   31.6673
5376.5   31.3635
5377.74   30.5791
5378.98   30.5497
5380.22   28.2261
5381.46   30.9147
5382.7   31.3899
5383.94   30.2835
5385.18   27.3001
5386.42   29.8026
5387.66   30.6769
5388.9   28.7763
5390.14   28.3823
5391.38   28.4809
5392.62   27.4188
5393.86   28.491
5395.11   29.7959
5396.35   30.6215
5397.59   30.0723
5398.83   29.202
5400.08   28.6558
5401.32   27.6901
5402.56   27.8654
5403.81   29.0288
5405.05   29.909
5406.3   28.5553
5407.54   27.5029
5408.79   28.6624
5410.04   28.7848
5411.28   27.4514
5412.53   27.9379
5413.77   27.7894
5415.02   29.3037
5416.27   28.2431
5417.51   27.7353
5418.76   28.406
5420.01   29.299
5421.26   26.9544
5422.51   27.5584
5423.75   28.0168
5425.0   27.0085
5426.25   26.7148
5427.5   26.1591
5428.75   28.4659
5430.0   29.0564
5431.25   26.7735
5432.5   26.2401
5433.75   28.3793
5435.0   26.4976
5436.26   26.4572
5437.51   28.4908
5438.76   27.8909
5440.01   27.7604
5441.27   27.9307
5442.52   28.5137
5443.77   27.9688
5445.03   28.0758
5446.28   26.3148
5447.54   27.9847
5448.79   26.7163
5450.04   28.3921
5451.3   29.7832
5452.55   28.1749
5453.81   28.0664
5455.07   27.5806
5456.32   28.1779
5457.58   29.7311
5458.83   28.4411
5460.09   26.8423
5461.35   28.7086
5462.61   28.2501
5463.86   30.765
5465.12   26.8112
5466.38   28.8532
5467.64   26.4931
5468.9   29.8056
5470.16   28.5543
5471.42   28.0193
5472.68   29.6431
5473.94   27.0678
5475.2   27.0501
5476.46   26.8565
5477.72   27.5323
5478.98   28.7479
5480.25   27.9692
5481.51   26.4923
5482.77   29.0812
5484.03   25.0751
5485.3   26.9734
5486.56   29.1232
5487.82   26.1333
5489.09   27.4181
5490.35   27.1943
5491.61   26.6937
5492.88   26.8473
5494.15   26.245
5495.41   26.1968
5496.67   24.6234
5497.94   26.5714
5499.21   27.3305
5500.47   25.0439
5501.74   26.9762
5503.01   28.3923
5504.27   28.0296
5505.54   26.3306
5506.81   26.3142
5508.08   26.2222
5509.35   26.7313
5510.61   27.6771
5511.88   26.8489
5513.15   26.7656
5514.42   25.9937
5515.69   27.1231
5516.96   26.2109
5518.23   28.2637
5519.5   26.4237
5520.78   26.0108
5522.05   28.0673
5523.32   27.3241
5524.59   24.275
5525.86   26.0535
5527.13   27.5635
5528.41   27.3377
5529.68   26.9949
5530.95   27.5961
5532.23   26.2642
5533.5   26.5723
5534.77   28.1914
5536.05   25.5245
5537.32   26.0028
5538.6   26.6419
5539.88   26.3705
5541.15   27.0212
5542.43   24.9973
5543.7   24.2188
5544.98   24.8908
5546.26   25.8843
5547.54   25.8628
5548.81   25.4188
5550.09   25.6068
5551.37   23.6093
5552.65   23.4378
5553.93   27.1224
5555.2   25.3444
5556.48   24.87
5557.76   26.2692
5559.04   25.8173
5560.32   25.0046
5561.6   25.4866
5562.88   27.0431
5564.16   25.214
5565.45   25.5564
5566.73   25.7961
5568.01   25.3462
5569.29   26.3782
5570.57   23.1916
5571.86   24.8955
5573.14   23.6089
5574.43   24.7145
5575.71   25.168
5576.99   26.2684
5578.28   25.5781
5579.56   28.215
5580.85   25.7875
5582.13   27.7155
5583.42   24.9825
5584.7   24.5921
5585.99   24.4367
5587.27   25.024
5588.56   25.6973
5589.85   25.4539
5591.13   24.8986
5592.42   27.3314
5593.71   24.0874
5595.0   26.036
5596.29   26.6938
5597.57   26.9902
5598.87   25.0861
5600.15   26.4441
5601.44   26.1077
5602.73   24.9146
5604.03   24.5853
5605.31   27.8404
5606.6   28.6716
5607.9   25.8661
5609.19   26.9493
5610.48   26.535
5611.77   26.4213
5613.07   25.4036
5614.36   26.4708
5615.65   25.2316
5616.94   27.0612
5618.24   25.2268
5619.53   25.3771
5620.82   27.6824
5622.12   26.1144
5623.41   28.1566
5624.71   25.5747
5626.0   28.3702
5627.3   28.1672
5628.6   26.7874
5629.89   26.1066
5631.19   27.9853
5632.48   26.849
5633.78   28.9926
5635.08   27.2227
5636.38   27.2499
5637.68   29.7817
5638.97   29.1612
5640.27   27.3062
5641.57   26.8221
5642.87   26.0685
5644.17   27.0081
5645.47   27.6802
5646.77   28.6336
5648.07   26.8139
5649.37   27.6593
5650.67   26.9939
5651.97   29.1295
5653.27   26.4751
5654.57   29.832
5655.88   27.0406
5657.18   25.9328
5658.48   26.4948
5659.79   26.0676
5661.09   26.9905
5662.39   25.3405
5663.7   24.9527
5665.0   28.0205
5666.31   26.4018
5667.61   25.7682
5668.92   26.0539
5670.22   27.4663
5671.53   26.2671
5672.83   25.7539
5674.14   25.824
5675.45   24.8478
5676.75   24.5286
5678.06   23.7853
5679.37   25.0255
5680.68   24.8427
5681.98   22.7389
5683.29   24.4821
5684.6   25.1434
5685.91   24.1063
5687.22   25.0532
5688.53   24.7944
5689.84   26.5884
5691.15   24.6191
5692.46   22.5332
5693.77   25.188
5695.08   24.6146
5696.39   24.0994
5697.71   24.5362
5699.02   24.744
5700.33   24.4199
5701.64   26.703
5702.96   26.7754
5704.27   25.0997
5705.58   23.3532
5706.9   24.436
5708.21   26.1606
5709.52   26.2593
5710.84   23.5185
5712.15   25.116
5713.47   22.9599
5714.79   24.37
5716.1   24.9551
5717.42   24.8269
5718.73   25.0968
5720.05   23.8035
5721.37   22.9085
5722.69   22.8368
5724.0   23.51
5725.32   23.1604
5726.64   23.1038
5727.96   23.0162
5729.28   24.1337
5730.6   22.9706
5731.92   23.1142
5733.24   24.079
5734.56   22.6223
5735.88   23.6362
5737.2   23.2168
5738.52   23.3723
5739.84   23.8584
5741.17   23.7641
5742.49   21.899
5743.81   24.5196
5745.13   24.7853
5746.45   23.6273
5747.78   23.7102
5749.1   23.1959
5750.43   21.4066
5751.75   24.4764
5753.08   22.3234
5754.4   24.3079
5755.72   21.9612
5757.05   22.8159
5758.37   21.5986
5759.7   23.1459
5761.03   22.4073
5762.36   23.0489
5763.68   23.2268
5765.01   23.6329
5766.34   24.2592
5767.66   22.5382
5768.99   22.8322
5770.32   23.9221
5771.65   21.5622
5772.98   23.0892
5774.31   22.8652
5775.64   22.2526
5776.97   23.074
5778.3   22.9586
5779.63   21.4087
5780.96   21.5548
5782.29   22.811
5783.62   22.698
5784.96   22.3441
5786.29   22.9311
5787.62   22.7216
5788.95   22.1925
5790.29   23.2031
5791.62   23.286
5792.95   20.5688
5794.29   22.349
5795.62   22.3021
5796.96   24.2029
5798.29   20.3609
5799.63   21.6433
5800.96   22.4665
5802.3   23.1393
5803.63   23.8858
5804.97   22.8061
5806.31   22.4017
5807.64   23.1383
5808.98   22.0346
5810.32   25.1784
5811.66   19.6051
5813.0   22.9886
5814.33   24.142
5815.67   23.1884
5817.01   23.3578
5818.35   22.7294
5819.69   22.0904
5821.03   22.7935
5822.37   22.1398
5823.71   23.6116
5825.06   22.4464
5826.4   22.5572
5827.74   22.65
5829.08   23.1398
5830.42   23.2126
5831.76   22.7093
5833.11   22.3273
5834.45   22.9816
5835.79   24.1728
5837.14   23.6947
5838.48   21.914
5839.83   22.9418
5841.17   22.2979
5842.52   23.3081
5843.86   22.8902
5845.21   22.3605
5846.56   23.1238
5847.9   24.5997
5849.25   23.2263
5850.59   21.3953
5851.94   24.5972
5853.29   21.9198
5854.64   22.3038
5855.99   22.9033
5857.33   21.263
5858.68   22.1914
5860.03   22.9778
5861.38   22.0819
5862.73   21.7782
5864.08   22.5396
5865.43   22.5065
5866.78   21.7693
5868.13   23.0386
5869.48   22.2935
5870.83   22.6518
5872.19   22.168
5873.54   21.8048
5874.89   24.0789
5876.25   22.877
5877.6   22.5429
5878.95   23.0233
5880.31   22.5755
5881.66   22.2402
5883.01   22.6564
5884.37   23.8148
5885.72   22.1785
5887.08   22.7961
5888.44   21.8838
5889.79   22.4805
5891.15   21.5055
5892.5   25.9395
5893.86   26.1283
5895.22   23.3153
5896.58   24.2861
5897.94   22.3925
5899.29   23.9335
5900.65   21.8408
5902.01   24.3993
5903.37   22.6465
5904.73   24.0249
5906.09   23.3084
5907.45   22.6332
5908.81   23.2411
5910.17   23.9209
5911.53   23.5251
5912.89   22.7786
5914.25   23.7282
5915.62   24.1545
5916.98   24.0368
5918.34   25.1703
5919.7   23.6981
5921.07   25.148
5922.43   25.2601
5923.79   23.9287
5925.16   23.5524
5926.52   24.124
5927.89   23.8234
5929.25   23.3356
5930.62   23.9448
5931.98   22.4118
5933.35   23.6008
5934.72   24.1682
5936.08   25.3765
5937.45   25.1055
5938.82   25.1545
5940.18   24.4009
5941.55   23.8381
5942.92   24.3533
5944.29   24.5789
5945.66   24.1486
5947.03   24.1632
5948.4   25.943
5949.77   24.7877
5951.14   24.1291
5952.51   24.4407
5953.88   25.1397
5955.25   27.0638
5956.62   27.1896
5957.99   26.9284
5959.36   26.3908
5960.74   25.914
5962.11   27.6115
5963.48   26.6783
5964.86   28.5103
5966.23   28.513
5967.6   26.5071
5968.98   27.0357
5970.35   28.7173
5971.73   28.5653
5973.1   28.1039
5974.48   27.0954
5975.86   26.8033
5977.23   27.9959
5978.61   28.1843
5979.98   28.7052
5981.36   28.8043
5982.74   27.7584
5984.12   28.5674
5985.5   26.4726
5986.87   27.3519
5988.25   28.0107
5989.63   27.3102
5991.01   27.6283
5992.39   30.0403
5993.77   30.0064
5995.15   25.9848
5996.53   27.9065
5997.91   26.3433
5999.29   26.6388
6000.67   26.846
6002.06   26.7235
6003.44   25.6429
6004.82   27.8934
6006.2   27.7459
6007.59   26.6455
6008.97   27.3717
6010.35   28.2758
6011.74   28.0256
6013.12   27.9866
6014.51   28.1542
6015.89   26.9888
6017.28   26.4624
6018.66   25.7286
6020.05   26.6892
6021.44   25.2871
6022.82   25.4335
6024.21   26.5686
6025.6   25.6302
6026.98   24.6607
6028.37   25.7165
6029.76   26.0628
6031.15   25.5451
6032.54   24.5502
6033.93   23.9407
6035.32   25.0598
6036.71   25.2094
6038.1   25.6827
6039.48   24.698
6040.88   24.1725
6042.27   24.0739
6043.66   24.7515
6045.05   25.1758
6046.44   24.3534
6047.84   25.2621
6049.23   22.7328
6050.62   25.272
6052.01   24.1072
6053.41   24.5436
6054.8   23.5323
6056.2   22.5442
6057.59   23.9349
6058.99   23.9398
6060.38   23.7169
6061.78   24.1143
6063.17   23.5436
6064.57   23.9476
6065.97   23.5079
6067.36   24.0797
6068.76   21.5791
6070.16   23.4103
6071.55   22.7487
6072.96   21.8201
6074.35   22.9124
6075.75   24.0105
6077.15   23.7453
6078.55   23.3019
6079.95   23.2323
6081.35   23.1809
6082.75   23.1196
6084.15   22.6415
6085.55   24.1697
6086.95   23.1806
6088.35   21.8867
6089.76   22.81
6091.16   23.4351
6092.56   23.2023
6093.96   22.2406
6095.37   23.4335
6096.77   23.8549
6098.18   21.8947
6099.58   21.5922
6100.98   21.7748
6102.39   21.1821
6103.79   21.8217
6105.2   22.262
6106.61   22.9046
6108.02   21.9671
6109.42   22.4637
6110.83   21.6612
6112.23   21.812
6113.64   22.3516
6115.05   22.0941
6116.46   22.4893
6117.87   22.1451
6119.28   21.8218
6120.68   21.9018
6122.09   22.6222
6123.5   22.9241
6124.92   22.444
6126.32   23.0653
6127.74   22.2079
6129.15   22.0052
6130.56   22.3162
6131.97   22.2272
6133.38   22.2631
6134.8   22.4613
6136.21   22.2158
6137.62   21.8015
6139.03   21.4423
6140.45   21.3561
6141.86   22.4481
6143.27   23.0257
6144.69   22.8124
6146.1   21.7762
6147.52   23.0677
6148.94   21.1549
6150.35   20.9084
6151.77   22.2311
6153.18   22.1299
6154.6   22.3961
6156.02   22.1408
6157.44   21.4709
6158.86   22.2732
6160.27   23.8774
6161.69   22.304
6163.11   22.2759
6164.53   21.9669
6165.95   24.7767
6167.37   24.4735
6168.79   23.4172
6170.21   22.3991
6171.63   22.6778
6173.05   24.1682
6174.48   22.4346
6175.9   21.9654
6177.32   22.703
6178.74   22.486
6180.16   23.7343
6181.59   23.431
6183.01   23.4604
6184.44   22.7131
6185.86   21.5002
6187.28   21.3076
6188.71   22.0396
6190.13   22.7084
6191.56   22.4449
6192.98   21.8299
6194.41   21.8638
6195.84   21.5471
6197.27   22.006
6198.69   22.8549
6200.12   22.456
6201.55   23.2005
6202.97   22.8671
6204.4   21.0104
6205.83   23.9697
6207.26   23.811
6208.69   22.3296
6210.12   23.1432
6211.55   22.5355
6212.98   22.0605
6214.41   24.1092
6215.84   23.557
6217.27   23.3275
6218.71   22.6865
6220.14   22.1261
6221.57   22.1747
6223.0   23.493
6224.44   23.9997
6225.87   21.4635
6227.3   22.1971
6228.74   22.4355
6230.17   22.051
6231.61   23.8873
6233.04   24.4107
6234.48   23.0229
6235.91   22.6986
6237.35   22.8483
6238.78   22.851
6240.22   23.2734
6241.66   21.7172
6243.09   22.4227
6244.53   23.052
6245.97   22.3582
6247.41   22.2301
6248.85   21.1916
6250.29   20.7882
6251.73   22.5024
6253.17   23.2312
6254.61   21.9315
6256.05   22.0361
6257.49   23.236
6258.93   21.2762
6260.37   22.9122
6261.81   22.7656
6263.25   21.9919
6264.7   22.1561
6266.14   22.4081
6267.58   23.3869
6269.02   23.0571
6270.47   23.0586
6271.91   23.006
6273.36   22.1378
6274.8   22.1856
6276.25   22.8969
6277.69   23.8547
6279.14   22.9873
6280.58   22.0343
6282.03   23.1168
6283.48   23.5484
6284.92   22.4271
6286.37   22.5132
6287.82   21.7846
6289.27   23.1824
6290.72   22.901
6292.16   21.8874
6293.61   22.3044
6295.06   22.4719
6296.51   22.2563
6297.96   22.0153
6299.41   21.4725
6300.86   21.2738
6302.31   26.6818
6303.76   26.4845
6305.22   21.8436
6306.67   22.1932
6308.12   22.3174
6309.57   22.8264
6311.03   23.5945
6312.48   22.9025
6313.93   21.4767
6315.39   21.5864
6316.84   22.2093
6318.3   21.7486
6319.75   22.3747
6321.21   22.0256
6322.66   21.7265
6324.12   22.9259
6325.58   21.717
6327.03   20.7824
6328.49   22.1979
6329.95   21.1783
6331.4   21.4273
6332.86   21.3731
6334.32   21.4142
6335.78   22.5858
6337.24   22.5557
6338.7   21.289
6340.16   21.8694
6341.62   22.5505
6343.08   21.5716
6344.54   22.6345
6346.0   22.3157
6347.46   21.5535
6348.92   22.1584
6350.38   21.9977
6351.85   22.4648
6353.31   21.3363
6354.77   22.3628
6356.24   23.0557
6357.7   23.0645
6359.16   22.2771
6360.63   21.7007
6362.09   22.2878
6363.56   21.6907
6365.02   20.9366
6366.49   23.0434
6367.95   22.0557
6369.42   22.2019
6370.89   20.6697
6372.36   22.1347
6373.82   23.0087
6375.29   22.3611
6376.76   22.4327
6378.23   22.7288
6379.7   21.6381
6381.16   21.3214
6382.64   21.4401
6384.1   22.2232
6385.58   22.83
6387.05   21.8385
6388.51   22.6017
6389.99   21.8994
6391.46   21.9531
6392.93   22.1045
6394.4   22.3515
6395.88   22.8778
6397.35   22.3856
6398.82   21.3882
6400.3   21.7673
6401.77   21.434
6403.24   21.4738
6404.72   22.2757
6406.19   22.1998
6407.67   22.1181
6409.14   21.9494
6410.62   21.7144
6412.09   22.1207
6413.57   20.7411
6415.05   22.0076
6416.53   21.4837
6418.0   22.5009
6419.48   21.8312
6420.96   20.6644
6422.44   22.3096
6423.92   22.6668
6425.4   21.4083
6426.88   21.3893
6428.36   21.3131
6429.84   22.0428
6431.32   22.0191
6432.8   21.471
6434.28   21.4312
6435.76   20.6883
6437.25   21.0511
6438.73   21.6303
6440.21   21.0868
6441.69   20.4342
6443.17   21.3803
6444.66   22.503
6446.14   21.5089
6447.63   20.8173
6449.11   20.8998
6450.6   21.3993
6452.08   20.9865
6453.57   21.5782
6455.06   21.9034
6456.54   21.6645
6458.03   21.8643
6459.52   21.3178
6461.01   20.8742
6462.49   22.013
6463.98   20.874
6465.47   20.8734
6466.96   21.3515
6468.45   20.4731
6469.94   20.4523
6471.43   20.8082
6472.92   22.3691
6474.41   20.8357
6475.9   20.5105
6477.39   20.5928
6478.88   20.3844
6480.37   21.6279
6481.87   21.3088
6483.36   20.1442
6484.85   20.4764
6486.34   20.3477
6487.84   19.9871
6489.33   21.2461
6490.83   20.9868
6492.32   20.9467
6493.82   20.0836
6495.31   20.9147
6496.81   21.224
6498.3   20.5356
6499.8   21.7376
6501.3   21.4298
6502.8   20.4928
6504.29   20.6447
6505.79   20.1249
6507.29   19.8866
6508.79   21.103
6510.29   21.4417
6511.78   20.5643
6513.29   20.5233
6514.78   20.5679
6516.28   20.4185
6517.79   20.4752
6519.28   19.7686
6520.79   20.4632
6522.29   20.8456
6523.79   20.8517
6525.29   20.8887
6526.79   20.5799
6528.3   20.3592
6529.8   20.4837
6531.31   20.945
6532.81   19.7581
6534.32   19.2009
6535.82   19.869
6537.32   19.7067
6538.83   18.9386
6540.33   19.9895
6541.84   21.5712
6543.35   20.7778
6544.86   20.5771
6546.36   20.6629
6547.87   20.9421
6549.38   22.0227
6550.88   21.3358
6552.39   20.513
6553.9   20.5802
6555.41   20.1842
6556.92   20.9733
6558.43   20.5303
6559.94   20.6974
6561.45   21.2519
6562.96   20.1517
6564.47   20.1121
6565.99   21.3612
6567.5   21.2237
6569.01   20.5129
6570.52   21.3258
6572.04   21.6913
6573.55   20.5244
6575.06   21.3067
6576.58   20.5789
6578.09   20.8561
6579.61   22.639
6581.12   21.7938
6582.64   21.2911
6584.15   21.7567
6585.67   21.7279
6587.19   21.4505
6588.7   21.9155
6590.22   22.312
6591.74   22.568
6593.26   22.6005
6594.78   22.2029
6596.29   21.3731
6597.81   21.4274
6599.33   22.3378
6600.85   22.6378
6602.37   23.0534
6603.89   23.4308
6605.41   22.544
6606.93   22.3286
6608.46   22.9239
6609.98   22.6377
6611.5   24.5226
6613.02   23.888
6614.54   24.552
6616.07   23.6963
6617.59   24.9701
6619.12   24.3139
6620.64   24.4469
6622.17   24.1776
6623.69   24.3626
6625.21   24.004
6626.74   24.8517
6628.27   24.9157
6629.79   23.4099
6631.32   24.1704
6632.85   25.2967
6634.37   24.9331
6635.9   25.6396
6637.43   26.0133
6638.96   25.8866
6640.49   26.1672
6642.02   26.038
6643.55   25.2743
6645.08   26.3182
6646.61   26.5622
6648.14   27.3692
6649.67   27.5391
6651.2   27.2126
6652.73   27.179
6654.27   26.2658
6655.8   27.2872
6657.33   27.8137
6658.86   26.9862
6660.39   27.1068
6661.93   27.9885
6663.46   28.6062
6665.0   28.5534
6666.53   29.0015
6668.07   30.6647
6669.6   29.3945
6671.14   29.6643
6672.68   30.4429
6674.21   30.5152
6675.75   31.4212
6677.29   31.8298
6678.83   30.8444
6680.36   31.3133
6681.9   32.7442
6683.44   32.2516
6684.98   31.5653
6686.52   31.7742
6688.06   32.0986
6689.6   32.4294
6691.14   33.9069
6692.68   34.8999
6694.22   34.2467
6695.76   34.1637
6697.31   34.7165
6698.85   34.3674
6700.39   34.1852
6701.93   34.1831
6703.47   33.6171
6705.02   33.1107
6706.56   32.6953
6708.11   30.5655
6709.65   30.5308
6711.2   29.9634
6712.74   30.4654
6714.29   28.2915
6715.84   28.9261
6717.38   29.4808
6718.93   29.1107
6720.48   29.4208
6722.02   29.2719
6723.57   29.1661
6725.12   29.4812
6726.67   29.3473
6728.22   28.3797
6729.77   28.9825
6731.32   29.2624
6732.87   28.4283
6734.42   28.3385
6735.97   28.7284
6737.52   28.0168
6739.07   26.6237
6740.62   28.0529
6742.17   28.6869
6743.73   28.324
6745.28   26.9546
6746.83   28.6273
6748.39   27.7936
6749.94   27.817
6751.5   27.6643
6753.05   27.5457
6754.61   27.1685
6756.16   27.0199
6757.72   27.047
6759.27   26.6501
6760.83   25.6067
6762.39   25.8493
6763.94   27.0991
6765.5   25.858
6767.06   25.4208
6768.62   25.2023
6770.18   26.017
6771.73   26.5684
6773.3   25.6108
6774.85   25.7825
6776.42   25.9038
6777.98   24.8408
6779.53   24.3885
6781.1   26.2616
6782.66   26.2955
6784.22   25.0452
6785.78   25.2714
6787.35   24.4647
6788.91   23.6007
6790.47   25.512
6792.04   24.7481
6793.6   24.6222
6795.17   25.1014
6796.73   24.6073
6798.3   24.1548
6799.86   24.1182
6801.43   23.7634
6802.99   23.6222
6804.56   23.6938
6806.13   23.471
6807.69   24.4584
6809.26   23.4636
6810.83   22.5562
6812.4   23.2802
6813.97   23.5156
6815.53   23.1991
6817.11   23.757
6818.67   24.644
6820.25   24.3866
6821.82   23.9357
6823.39   23.264
6824.96   23.9861
6826.53   24.1077
6828.1   24.9838
6829.67   27.5753
6831.25   27.5984
6832.82   29.0357
6834.4   29.3304
6835.97   28.1503
6837.54   26.9629
6839.12   25.8375
6840.69   22.939
6842.27   22.2392
6843.84   22.4918
6845.42   22.5942
6846.99   22.4066
6848.57   21.6446
6850.15   21.3539
6851.73   21.8322
6853.31   21.6779
6854.88   20.9757
6856.46   20.1021
6858.04   20.9843
6859.62   21.4886
6861.2   21.1296
6862.78   20.8971
6864.36   19.9533
6865.94   20.8819
6867.52   21.0791
6869.1   19.4199
6870.68   21.6412
6872.27   21.7902
6873.85   21.5971
6875.43   21.7197
6877.01   22.1173
6878.6   23.5291
6880.18   21.2906
6881.77   22.8834
6883.35   23.3784
6884.94   23.4755
6886.52   24.6258
6888.11   25.5292
6889.7   24.5991
6891.28   25.8492
6892.87   27.5793
6894.46   30.3357
6896.04   36.4575
6897.63   39.6733
6899.22   44.9015
6900.81   44.1798
6902.4   40.1575
6903.99   34.7634
6905.58   29.5106
6907.17   27.1858
6908.76   23.93
6910.35   21.2522
6911.94   21.6994
6913.53   21.2135
6915.12   20.2863
6916.72   19.9771
6918.31   19.6527
6919.9   20.7584
6921.5   20.9079
6923.09   19.6796
6924.68   18.6661
6926.28   20.3267
6927.87   19.4487
6929.47   19.4834
6931.07   18.9013
6932.66   20.3822
6934.26   21.0755
6935.85   19.7965
6937.45   18.7665
6939.05   18.7646
6940.65   19.7962
6942.25   19.553
6943.84   19.6732
6945.44   19.6675
6947.04   18.5738
6948.64   18.4123
6950.24   19.6618
6951.84   20.8688
6953.45   20.0591
6955.04   18.4194
6956.65   19.2124
6958.25   19.7387
6959.85   19.2803
6961.45   18.9661
6963.06   18.7731
6964.66   19.2486
6966.26   20.1609
6967.87   20.0354
6969.47   19.3878
6971.08   18.765
6972.68   19.2697
6974.29   19.6515
6975.9   18.8823
6977.5   18.7938
6979.11   17.8874
6980.72   18.8622
6982.33   19.1073
6983.93   18.3794
6985.54   18.4289
6987.15   17.8677
6988.76   18.7365
6990.37   19.754
6991.98   18.5203
6993.59   18.201
6995.2   18.5223
6996.81   18.3082
6998.42   18.5576
7000.03   18.3531
7001.64   18.6838
7003.26   17.3989
7004.87   18.7534
7006.48   18.5861
7008.09   19.8456
7009.71   17.7945
7011.32   18.2128
7012.94   18.3295
7014.55   17.5692
7016.17   17.3669
7017.78   18.4613
7019.4   18.5629
7021.02   18.4661
7022.63   18.0207
7024.25   17.2179
7025.87   18.3003
7027.49   17.8129
7029.1   17.813
7030.72   17.1268
7032.34   18.1743
7033.96   18.5614
7035.58   17.7618
7037.2   18.0245
7038.82   18.0663
7040.44   17.9573
7042.07   17.8198
7043.69   17.8205
7045.31   18.1995
7046.93   18.2551
7048.55   18.4102
7050.18   18.1548
7051.8   17.7493
7053.43   17.9152
7055.05   17.5852
7056.67   16.664
7058.3   17.4132
7059.92   18.1965
7061.55   17.7203
7063.18   17.2892
7064.8   18.3438
7066.43   17.7467
7068.05   16.7837
7069.68   18.3983
7071.31   17.456
7072.94   18.6663
7074.57   18.5129
7076.2   18.3956
7077.83   17.9665
7079.46   18.1397
7081.09   18.1977
7082.72   18.82
7084.35   18.8739
7085.98   18.0173
7087.61   18.3358
7089.25   17.2485
7090.88   17.9512
7092.51   18.2817
7094.14   17.6206
7095.78   18.7265
7097.41   18.2368
7099.05   18.3303
7100.68   18.4058
7102.31   17.0393
7103.95   17.6661
7105.59   18.1533
7107.23   18.6689
7108.86   17.7055
7110.5   18.7588
7112.14   18.2335
7113.77   18.1241
7115.41   17.7602
7117.05   18.0552
7118.69   18.0558
7120.33   16.6023
7121.97   17.0882
7123.61   17.603
7125.25   17.5377
7126.89   17.4953
7128.53   17.4712
7130.17   17.4639
7131.81   17.8138
7133.46   18.0054
7135.1   18.3194
7136.74   17.986
7138.39   17.657
7140.03   17.5202
7141.67   17.7951
7143.32   17.3169
7144.96   17.2765
7146.61   18.3022
7148.25   17.8186
7149.9   17.8564
7151.55   17.5287
7153.19   17.5482
7154.84   16.6123
7156.49   17.4885
7158.14   18.2829
7159.78   18.4428
7161.43   19.1076
7163.08   18.7868
7164.73   18.4049
7166.38   18.4574
7168.03   18.2369
7169.68   17.1995
7171.34   18.0322
7172.99   17.1711
7174.64   17.188
7176.29   17.1782
7177.94   17.851
7179.6   16.8469
7181.25   17.9661
7182.9   17.448
7184.56   16.636
7186.21   17.8536
7187.87   18.1725
7189.52   17.2181
7191.18   18.1835
7192.83   17.9188
7194.49   17.7055
7196.15   17.6017
7197.8   18.3312
7199.46   17.373
7201.12   17.5536
7202.78   18.0235
7204.44   17.0658
7206.1   17.3785
7207.75   17.1157
7209.41   18.1274
7211.08   17.8081
7212.73   18.3427
7214.4   17.8775
7216.06   17.3767
7217.72   16.9658
7219.38   17.326
7221.04   18.1136
7222.71   17.7757
7224.37   17.0974
7226.04   18.6885
7227.7   17.5014
7229.36   17.1957
7231.03   17.6875
7232.69   17.3421
7234.36   17.2014
7236.02   17.6631
7237.69   18.4099
7239.36   15.865
7241.03   16.4264
7242.69   18.1954
7244.36   17.4216
7246.03   15.2465
7247.7   18.0521
7249.37   16.6623
7251.03   16.7793
7252.71   17.1901
7254.38   15.6952
7256.04   18.3216
7257.72   17.352
7259.39   17.6427
7261.06   16.4425
7262.73   15.804
7264.41   17.6739
7266.08   17.2779
7267.75   17.0076
7269.42   16.7376
7271.1   17.8631
7272.77   17.7527
7274.45   17.3777
7276.12   18.1174
7277.8   16.6649
7279.47   20.0182
7281.15   18.2884
7282.83   17.4942
7284.51   17.8657
7286.18   17.4674
7287.86   18.0228
7289.54   16.9597
7291.21   17.5857
7292.9   17.4237
7294.57   18.0361
7296.26   16.6286
7297.93   16.5812
7299.62   16.9582
7301.3   18.6217
7302.98   16.9635
7304.66   16.7657
7306.34   19.2268
7308.03   18.0944
7309.71   17.306
7311.39   17.1857
7313.07   16.4233
7314.76   18.8502
7316.44   15.7179
7318.13   16.9507
7319.81   20.749
7321.5   17.0409
7323.19   17.3218
7324.87   17.5609
7326.56   17.8254
7328.25   16.8468
7329.93   17.5103
7331.62   16.8384
7333.31   17.1641
7335.0   15.9097
7336.69   16.4173
7338.38   17.0398
7340.07   16.9017
7341.76   15.7518
7343.45   18.1129
7345.14   20.0947
7346.83   17.8082
7348.52   17.1812
7350.22   16.8577
7351.91   17.5104
7353.6   16.4418
7355.29   17.3734
7356.99   16.7558
7358.68   16.9098
7360.38   16.1968
7362.07   19.3824
7363.77   16.6836
7365.46   17.2198
7367.16   17.3464
7368.85   15.8513
7370.55   15.0588
7372.25   20.1455
7373.95   17.622
7375.65   16.4219
7377.34   17.329
7379.04   18.1909
7380.74   16.3923
7382.44   17.5543
7384.14   16.8482
7385.84   16.087
7387.54   17.2423
7389.24   17.4289
7390.95   16.8007
7392.65   15.7653
7394.35   16.8502
7396.05   17.2667
7397.76   15.4302
7399.46   16.6984
7401.16   16.3324
7402.87   16.8753
7404.57   18.8461
7406.28   16.195
7407.98   15.3069
7409.69   16.4272
7411.4   14.8495
7413.1   15.5772
7414.81   16.2141
7416.52   16.2994
7418.23   16.373
7419.93   15.9364
7421.64   17.0127
7423.35   16.0918
7425.06   15.591
7426.77   15.9267
7428.48   15.6233
7430.19   16.4522
7431.9   15.0278
7433.62   17.0413
7435.33   15.4796
7437.04   16.3311
7438.75   14.6761
7440.46   17.0517
7442.18   16.2391
7443.89   15.8263
7445.61   14.4623
7447.32   15.5743
7449.04   16.6594
7450.75   15.4154
7452.46   16.0774
7454.18   15.3609
7455.9   15.4311
7457.62   15.3678
7459.33   16.2338
7461.05   16.7507
7462.77   15.256
7464.49   15.2774
7466.21   15.636
7467.92   16.344
7469.65   15.3064
7471.37   15.1203
7473.09   16.999
7474.81   15.8443
7476.53   16.7552
7478.25   16.4719
7479.97   15.6955
7481.7   16.6268
7483.42   16.4641
7485.14   15.0783
7486.87   15.4904
7488.59   15.6899
7490.31   15.4597
7492.04   15.6212
7493.77   15.9075
7495.49   15.2409
7497.22   15.0877
7498.94   15.2888
7500.67   16.1014
7502.4   15.371
7504.12   14.7233
7505.85   15.1266
7507.58   16.1188
7509.31   15.8164
7511.04   15.4617
7512.77   15.6098
7514.5   15.9519
7516.23   16.0421
7517.96   15.8825
7519.69   15.9269
7521.42   15.9266
7523.15   15.3728
7524.89   13.6102
7526.62   17.5399
7528.35   15.3486
7530.09   15.205
7531.82   17.1466
7533.56   16.9163
7535.29   15.6604
7537.02   16.1556
7538.76   16.2558
7540.5   14.9206
7542.23   15.4735
7543.97   15.9176
7545.71   15.1483
7547.45   14.509
7549.18   15.7779
7550.92   16.3905
7552.66   15.0037
7554.4   15.3486
7556.14   14.9465
7557.88   15.451
7559.62   14.6544
7561.36   15.7198
7563.1   13.7548
7564.84   15.709
7566.59   15.793
7568.33   15.8012
7570.07   15.3791
7571.81   14.5256
7573.56   13.2844
7575.3   16.3312
7577.05   14.758
7578.79   15.0325
7580.54   15.7652
7582.28   15.1188
7584.03   14.0409
7585.78   14.9466
7587.52   15.4537
7589.27   16.5241
7591.02   15.5239
7592.76   15.0503
7594.52   15.3252
7596.26   14.3346
7598.01   12.7197
7599.76   12.5708
7601.51   18.3915
7603.26   12.3004
7605.01   14.0094
7606.77   15.7437
7608.52   13.6214
7610.27   13.7071
7612.02   14.8081
7613.77   16.2885
7615.53   16.4488
7617.28   16.6158
7619.04   15.111
7620.79   15.9345
7622.55   15.0847
7624.3   15.2882
7626.05   16.4778
7627.81   13.9866
7629.57   16.1003
7631.33   14.3239
7633.08   15.8482
7634.84   13.4675
7636.6   15.5529
7638.36   15.7415
7640.12   15.9513
7641.88   16.6089
7643.64   13.8178
7645.4   14.4029
7647.16   14.4034
7648.92   15.8765
7650.68   15.7999
7652.44   16.0872
7654.2   16.4065
7655.97   15.3436
7657.73   13.8915
7659.49   15.4205
7661.26   15.5158
7663.02   15.0793
7664.79   16.9188
7666.55   14.8504
7668.32   14.7722
7670.08   15.7114
7671.85   15.7586
7673.61   14.4481
7675.38   15.5809
7677.15   14.8718
7678.92   15.857
7680.69   16.2286
7682.45   14.9763
7684.23   15.6053
7685.99   15.4613
7687.76   14.4487
7689.53   14.7961
7691.3   16.3802
7693.08   16.0401
7694.85   16.0814
7696.62   14.9703
7698.39   15.9801
7700.16   14.9637
7701.94   14.6259
7703.71   15.3631
7705.49   15.6577
7707.26   15.1994
7709.04   14.8575
7710.81   14.9788
7712.59   13.8536
7714.36   14.2831
7716.14   16.8098
7717.92   11.745
7719.69   15.1516
7721.47   15.2539
7723.25   14.0311
7725.03   15.0878
7726.81   14.7237
7728.58   15.971
7730.37   16.0481
7732.14   14.443
7733.93   15.225
7735.71   14.9791
7737.49   13.8436
7739.27   14.7917
7741.05   14.6676
7742.84   14.9669
7744.62   15.0973
7746.4   14.4828
7748.19   14.7254
7749.97   15.9112
7751.75   13.7939
7753.54   18.2475
7755.33   15.5135
7757.11   12.722
7758.9   13.4812
7760.68   13.4989
7762.47   14.0339
7764.26   16.8409
7766.04   14.1703
7767.84   15.2252
7769.62   15.0097
7771.41   14.0649
7773.2   14.5552
7774.99   15.3525
7776.78   16.28
7778.57   15.2859
7780.37   13.9236
7782.16   13.6164
7783.95   15.0637
7785.74   14.3408
7787.54   14.3087
7789.33   15.0955
7791.12   13.8708
7792.92   13.875
7794.71   13.3548
7796.51   12.5783
7798.3   15.9857
7800.1   14.2289
7801.89   14.582
7803.69   14.5556
7805.49   15.0203
7807.28   15.8881
7809.08   15.4427
7810.88   16.3275
7812.68   14.1192
7814.48   14.3823
7816.28   15.1194
7818.08   15.2772
7819.88   15.8242
7821.68   14.2154
7823.48   16.2799
7825.28   16.9631
7827.08   13.9956
7828.88   14.3824
7830.69   14.1186
7832.49   14.975
7834.3   14.4531
7836.1   14.3017
7837.91   14.5784
7839.71   14.63
7841.51   14.4814
7843.32   12.4647
7845.13   16.35
7846.94   14.3399
7848.74   14.4844
7850.55   15.0433
7852.36   14.2952
7854.17   13.2041
7855.97   14.2532
7857.78   17.935
7859.59   13.0427
7861.4   14.5853
7863.21   16.5511
7865.02   15.0238
7866.84   15.06
7868.65   14.577
7870.46   15.3585
7872.27   13.695
7874.08   16.7182
7875.9   15.3325
7877.71   14.7804
7879.53   14.9039
7881.34   16.6753
7883.15   15.8045
7884.97   17.0063
7886.78   14.7335
7888.6   15.5227
7890.42   14.7133
7892.24   16.2841
7894.05   16.5787
7895.87   14.6871
7897.69   15.146
7899.51   15.3223
7901.33   14.7938
7903.15   15.1051
7904.97   14.8534
7906.79   15.2169
7908.61   15.6809
7910.43   14.3609
7912.25   15.9406
7914.07   13.277
7915.89   17.4174
7917.72   19.2227
7919.54   14.7837
7921.36   14.844
7923.19   14.9613
7925.01   16.4
7926.84   13.2504
7928.66   15.4585
7930.49   13.4949
7932.32   14.1443
7934.14   16.6389
7935.97   15.8713
7937.8   15.1953
7939.63   15.9573
7941.45   14.8412
7943.28   14.7618
7945.11   14.9537
7946.94   15.9693
7948.77   14.7271
7950.6   15.1021
7952.43   17.4805
7954.26   15.2905
7956.1   14.947
7957.93   15.6312
7959.76   16.2221
7961.59   15.4114
7963.43   15.784
7965.26   12.6622
7967.09   17.8959
7968.93   18.1553
7970.76   13.9431
7972.6   15.2697
7974.44   15.2232
7976.27   16.4395
7978.11   16.4598
7979.95   16.0883
7981.79   13.7217
7983.62   16.5081
7985.46   15.6659
7987.3   15.2049
7989.14   15.0867
7990.98   15.8111
7992.82   14.8895
7994.66   15.3241
7996.5   19.5737
7998.34   13.8039
8000.18   14.6132
8002.02   15.7543
8003.87   16.141
8005.71   15.7201
8007.56   15.968
8009.4   16.1631
8011.25   15.456
8013.09   15.0874
8014.93   14.8316
8016.78   15.4065
8018.63   16.776
8020.47   16.5117
8022.32   15.7688
8024.17   16.7835
8026.02   14.8909
8027.86   15.6384
8029.71   20.9998
8031.56   14.4299
8033.41   16.982
8035.26   16.8623
8037.11   16.7784
8038.96   16.5603
8040.81   16.0737
8042.67   17.2041
8044.52   16.9636
8046.37   17.6244
8048.22   15.6868
8050.08   16.2995
8051.93   15.2329
8053.78   16.7942
8055.64   15.9134
8057.49   15.7798
8059.35   18.1906
8061.21   17.8062
8063.06   15.9749
8064.92   18.1806
8066.77   16.0053
8068.63   16.0433
8070.49   17.999
8072.35   16.9747
8074.21   16.7214
8076.07   17.7356
8077.93   17.8928
8079.79   17.5559
8081.65   17.1464
8083.51   17.2626
8085.37   16.7187
8087.23   18.236
8089.1   17.7725
8090.96   17.0872
8092.82   16.82
8094.69   16.1062
8096.55   17.9505
8098.42   17.9683
8100.28   17.7844
8102.15   16.4431
8104.01   16.9272
8105.87   17.1231
8107.74   16.9925
8109.61   17.3501
8111.48   15.9214
8113.35   17.2681
8115.22   16.6304
8117.08   16.695
8118.95   16.3164
8120.82   15.1205
8122.69   15.6529
8124.56   16.172
8126.43   15.6142
8128.31   15.1454
8130.18   15.8447
8132.05   15.9032
8133.92   17.3777
8135.79   17.6868
8137.67   16.6314
8139.54   16.7325
8141.42   16.425
8143.29   14.9852
8145.17   16.4977
8147.04   15.9658
8148.92   16.753
8150.8   17.1658
8152.67   15.6502
8154.55   15.3057
8156.43   16.5538
8158.31   15.4353
8160.19   16.0334
8162.06   15.3771
8163.94   14.701
8165.82   14.6519
8167.71   16.2863
8169.58   15.9239
8171.47   16.0652
8173.35   16.2881
8175.23   15.7674
8177.11   15.4928
8179.0   16.1026
8180.88   15.8753
8182.76   16.083
8184.65   16.0562
8186.53   16.0963
8188.42   14.9373
8190.3   15.0134
8192.19   17.0619
8194.08   14.8351
8195.96   15.0277
8197.85   16.0206
8199.74   15.7453
8201.62   15.6828
8203.52   17.4006
8205.4   15.2662
8207.3   16.1118
8209.18   15.2027
8211.08   15.6492
8212.97   15.128
8214.85   13.9732
8216.75   15.7656
8218.64   16.1492
8220.53   15.0848
8222.43   15.7996
8224.32   15.6756
8226.21   14.9666
8228.11   14.9259
8230.0   15.3482
8231.9   14.7018
8233.79   15.2039
8235.69   15.0757
8237.59   15.763
8239.48   15.6061
8241.38   15.3672
8243.28   15.2376
8245.18   15.5477
8247.08   14.1629
8248.97   15.2782
8250.88   14.8145
8252.77   14.171
8254.67   14.5144
8256.58   15.2594
8258.48   14.5939
8260.38   15.3782
8262.28   14.9417
8264.19   13.9687
8266.09   16.2716
8267.99   14.8194
8269.9   14.6091
8271.8   14.8315
8273.71   14.7114
8275.61   14.6567
8277.52   14.3957
8279.42   15.7344
8281.33   16.4796
8283.24   12.9024
8285.14   15.5962
8287.05   13.327
8288.96   15.1967
8290.87   16.3477
8292.78   18.7021
8294.69   12.5323
8296.6   14.0253
8298.51   14.2226
8300.42   14.3742
8302.33   19.1091
8304.24   12.7971
8306.15   14.597
8308.07   16.0164
8309.98   13.7778
8311.89   14.734
8313.81   15.6799
8315.72   15.0081
8317.64   13.6017
8319.55   13.7108
8321.47   13.8337
8323.39   15.5567
8325.3   15.3572
8327.22   15.6451
8329.14   14.6228
8331.06   15.3748
8332.97   14.942
8334.89   15.6152
8336.81   15.1772
8338.73   14.534
8340.65   14.5303
8342.57   14.4205
8344.5   15.3755
8346.42   11.3069
8348.34   16.8258
8350.26   11.5703
8352.18   13.8617
8354.11   15.1471
8356.03   16.4263
8357.96   14.4843
8359.88   15.4426
8361.81   14.5296
8363.73   15.0586
8365.65   14.6515
8367.58   18.1164
8369.51   14.6306
8371.44   15.7289
8373.36   14.8646
8375.29   15.4527
8377.22   14.2248
8379.15   15.0951
8381.08   15.8913
8383.01   15.0482
8384.94   16.2548
8386.87   13.9121
8388.8   14.7882
8390.73   14.3131
8392.67   12.7393
8394.6   15.3044
8396.53   14.1748
8398.47   16.6089
8400.4   16.9145
8402.34   19.4974
8404.27   14.4176
8406.2   12.499
8408.14   14.6356
8410.08   16.1592
8412.02   14.424
8413.95   15.3117
8415.89   14.3722
8417.83   14.6435
8419.76   15.1312
8421.71   12.8842
8423.64   14.2742
8425.58   14.1989
8427.52   14.4153
8429.47   17.4636
8431.41   12.6496
8433.35   26.3482
8435.29   10.7684
8437.23   14.7625
8439.18   14.4767
8441.12   13.7246
8443.06   14.2434
8445.01   14.8836
8446.95   13.9016
8448.9   13.5075
8450.84   14.4003
8452.79   13.0265
8454.73   15.8402
8456.68   17.1555
8458.63   13.492
8460.58   14.8325
8462.53   13.365
8464.47   15.3481
8466.42   11.2398
8468.37   21.3786
8470.33   12.0231
8472.27   13.9925
8474.23   13.5207
8476.18   14.4441
8478.13   16.1675
8480.08   14.3948
8482.03   14.6449
8483.99   13.7542
8485.94   13.9885
8487.9   14.8781
8489.85   13.2018
8491.8   14.0447
8493.76   13.6794
8495.71   14.3509
8497.67   15.1276
8499.63   12.9433
8501.59   14.3444
8503.54   13.5527
8505.5   12.375
8507.46   17.8087
8509.42   13.3227
8511.38   11.9978
8513.34   13.6328
8515.3   14.3494
8517.26   13.4303
8519.22   13.2529
8521.19   15.0699
8523.15   15.3421
8525.11   13.5513
8527.07   14.6756
8529.04   13.7087
8531.0   14.5137
8532.96   13.5937
8534.93   14.4577
8536.89   13.184
8538.86   14.4783
8540.83   14.5679
8542.8   13.9882
8544.76   13.3171
8546.73   14.7807
8548.7   12.4921
8550.67   16.1318
8552.64   15.0373
8554.6   13.6969
8556.58   13.786
8558.55   13.7702
8560.51   13.0712
8562.49   13.4576
8564.46   14.4686
8566.43   13.5469
8568.4   14.0877
8570.38   15.0086
8572.35   13.1232
8574.32   14.8202
8576.3   15.4715
8578.27   13.5231
8580.25   15.718
8582.23   16.354
8584.21   13.8775
8586.18   14.2343
8588.16   13.0571
8590.14   15.234
8592.11   14.378
8594.09   13.3055
8596.07   15.0754
8598.05   15.3289
8600.03   14.3503
8602.01   14.4691
8603.99   14.4752
8605.97   13.1431
8607.96   13.9271
8609.94   12.7294
8611.92   13.5281
8613.9   14.132
8615.89   14.6396
8617.87   13.3403
8619.85   12.9146
8621.84   12.4891
8623.83   13.4206
8625.81   15.2054
8627.8   15.7371
8629.79   14.1049
8631.77   14.174
8633.76   14.8583
8635.75   15.3828
8637.74   13.5123
8639.73   16.3513
8641.72   16.0816
8643.71   14.4992
8645.7   13.8216
8647.69   13.9718
8649.68   14.5004
8651.67   14.6338
8653.67   15.2556
8655.66   13.4675
8657.65   12.4047
8659.64   16.3965
8661.64   14.0055
8663.63   15.0454
8665.63   15.4362
8667.62   14.7325
8669.62   14.3804
8671.62   13.2192
8673.61   16.5387
8675.61   14.2768
8677.61   15.7005
8679.6   15.0452
8681.61   15.687
8683.6   15.6256
8685.61   15.4628
8687.6   16.1605
8689.6   15.6512
8691.61   14.0566
8693.61   14.5769
8695.61   15.1506
8697.61   14.1299
8699.62   14.1672
8701.62   15.0583
8703.62   13.2117
8705.63   15.1404
8707.63   14.0549
8709.64   14.4617
8711.64   13.5343
8713.65   14.2145
8715.65   14.6964
8717.66   14.2518
8719.67   13.9554
8721.68   16.5344
8723.69   14.4612
8725.69   14.574
8727.71   16.0389
8729.71   15.1736
8731.72   13.1112
8733.74   16.6521
8735.74   14.8412
8737.76   14.8959
8739.77   15.7004
8741.78   15.7697
8743.79   16.0099
8745.81   13.7071
8747.82   15.1855
8749.84   15.6977
8751.85   15.229
8753.87   14.7208
8755.89   16.3052
8757.9   15.2396
8759.92   15.5669
8761.93   17.1771
8763.95   19.2455
8765.97   17.2362
8767.99   12.3907
8770.01   19.088
8772.03   16.8857
8774.05   13.8546
8776.07   12.82
8778.09   17.0116
8780.11   17.0862
8782.13   22.8714
8784.16   11.0754
8786.18   17.5912
8788.2   15.5767
8790.23   16.2863
8792.25   15.4322
8794.28   16.997
8796.3   15.0648
8798.33   14.594
8800.35   15.3604
8802.38   15.2263
8804.41   15.7857
8806.43   15.7645
8808.46   16.6223
8810.49   15.9298
8812.52   16.8475
8814.55   16.1825
8816.58   15.9181
8818.61   14.9292
8820.64   14.457
8822.67   14.4356
8824.7   15.1844
8826.73   15.3136
8828.76   17.6573
8830.8   27.105
8832.83   10.6583
8834.86   13.3899
8836.9   17.5794
8838.93   15.9102
8840.97   18.8669
8843.01   13.839
8845.05   16.9831
8847.08   15.0268
8849.12   16.7342
8851.16   16.4361
8853.19   19.1752
8855.23   16.9796
8857.27   18.7456
8859.31   18.5177
8861.35   17.7101
8863.39   16.3691
8865.43   19.1868
8867.47   17.643
8869.52   17.2832
8871.56   20.494
8873.6   15.3719
8875.65   20.1368
8877.69   18.9248
8879.74   19.6639
8881.78   19.1288
8883.83   17.5437
8885.87   18.7443
8887.92   25.4686
8889.96   22.5437
8892.01   15.9184
8894.06   18.6508
8896.11   19.7462
8898.16   22.9103
8900.2   20.2962
8902.26   20.3482
8904.3   19.2651
8906.36   24.3187
8908.41   21.1461
8910.46   23.3377
8912.51   22.3995
8914.56   20.6176
8916.62   21.8679
8918.67   23.3073
8920.72   13.0715
8922.78   41.1921
8924.83   11.6601
8926.89   24.3388
8928.94   24.2443
8931.0   24.2336
8933.05   25.08
8935.11   26.1108
8937.17   23.4547
8939.23   23.2914
8941.29   25.07
8943.34   25.0714
8945.41   28.9521
8947.46   26.0475
8949.53   24.8185
8951.59   26.8989
8953.65   25.9844
8955.71   26.7868
8957.77   29.818
8959.84   24.5586
8961.9   40.9227
8963.96   21.7321
8966.03   28.2439
8968.09   30.0599
8970.16   29.3361
8972.22   29.7789
8974.29   31.2166
8976.35   32.5917
8978.42   32.6381
8980.49   33.6132
8982.56   33.2693
8984.63   33.2483
8986.69   34.5208
8988.77   37.8321
8990.83   37.0721
8992.91   39.3928
8994.98   34.6045
8997.04   40.009
8999.12   37.8993
9001.19   39.7647
9003.27   37.8408
9005.34   49.9098
9007.41   37.6426
9009.49   46.5403
9011.56   46.3908
9013.64   48.4511
9015.71   48.351
9017.79   50.2198
9019.86   51.2662
9021.94   54.8983
9024.02   58.3817
9026.09   57.655
9028.18   61.613
9030.25   57.8618
9032.33   57.6457
9034.41   59.409
9036.5   60.7629
9038.58   62.502
9040.65   63.4723
9042.74   64.1006
9044.82   60.8184
9046.91   59.3997
9048.99   60.8983
9051.07   55.5064
9053.16   59.3522
9055.24   52.6171
9057.33   56.1671
9059.41   50.3326
9061.5   54.1251
9063.58   50.3588
9065.67   49.1372
9067.76   56.1706
9069.85   57.4134
9071.94   58.5608
9074.02   59.1273
9076.12   53.9756
9078.2   48.4773
9080.3   45.3999
9082.39   45.5682
9084.48   48.247
9086.57   44.9252
9088.66   42.08
9090.76   45.5501
9092.85   42.4382
9094.95   41.054
9097.04   40.8399
9099.13   35.9564
9101.23   37.4991
9103.32   38.913
9105.42   35.4528
9107.52   40.2784
9109.62   38.4514
9111.71   36.3804
9113.81   36.0681
9115.91   37.9985
9118.01   36.8387
9120.11   35.8199
9122.21   34.4789
9124.31   34.4274
9126.41   34.3524
9128.51   35.1144
9130.61   32.7284
9132.71   35.1903
9134.82   30.975
9136.92   32.6498
9139.03   28.9058
9141.13   29.4088
9143.24   31.2898
9145.34   33.4095
9147.45   29.002
9149.56   26.9637
9151.66   27.1517
9153.77   26.9182
9155.88   26.8226
9157.99   28.3043
9160.1   28.4358
9162.2   26.2997
9164.32   27.8675
9166.42   24.4941
9168.54   27.1199
9170.65   26.4154
9172.76   26.6933
9174.87   25.2448
9176.98   23.1376
9179.1   21.9735
9181.21   22.4755
9183.33   25.0493
9185.44   24.47
9187.56   23.9254
