3199.71728515613  5.267131E-28
3200.78960895526  5.439747E-28
3201.8619327544  1.367839E-27
3202.93425655353  1.398056E-27
3204.00658035266  1.179025E-27
3205.0789041518  5.419958E-28
3206.15122795093  4.595947E-28
3207.22355175006  4.262258E-28
3208.2958755492  9.457430E-28
3209.36819934833  3.904759E-28
3210.44052314746  1.238680E-28
3211.5128469466  3.495822E-28
3212.58517074573  5.411544E-28
3213.65749454486  7.188366E-28
3214.729818344  4.867907E-28
3215.80214214313  4.701422E-28
3216.87446594226  4.581847E-29
3217.9467897414  7.166406E-28
3219.01911354053  6.407989E-28
3220.09143733966  4.015845E-28
3221.1637611388  8.059010E-28
3222.23608493793  9.613504E-28
3223.30840873706  7.267437E-28
3224.3807325362  1.262271E-27
3225.45305633533  6.748755E-28
3226.52538013446  8.308040E-28
3227.5977039336  8.315111E-28
3228.67002773273  6.446239E-28
3229.74235153186  4.070919E-28
3230.814675331  4.042097E-28
3231.88699913013  8.074118E-28
3232.95932292926  8.209256E-28
3234.0316467284  5.568133E-28
3235.10397052753  9.881813E-28
3236.17629432666  1.058362E-27
3237.2486181258  8.209413E-28
3238.32094192493  1.159447E-27
3239.39326572406  9.289283E-28
3240.4655895232  1.077024E-27
3241.53791332233  7.728538E-28
3242.61023712146  6.351344E-28
3243.6825609206  5.243453E-28
3244.75488471973  6.691177E-28
3245.82720851886  6.296949E-28
3246.899532318  4.980012E-28
3247.97185611713  2.525009E-28
3249.04417991626  3.682323E-28
3250.1165037154  6.754997E-28
3251.18882751453  5.144043E-28
3252.26115131366  6.470290E-28
3253.3334751128  5.210574E-28
3254.40579891193  5.162166E-28
3255.47812271106  9.757564E-28
3256.5504465102  6.484179E-28
3257.62277030933  1.506207E-28
3258.69509410846  4.833633E-28
3259.7674179076  5.562246E-28
3260.83974170673  6.943857E-28
3261.91206550586  6.440104E-28
3262.984389305  6.128007E-28
3264.05671310413  4.659082E-28
3265.12903690326  3.798711E-28
3266.2013607024  5.265787E-28
3267.27368450153  7.425855E-28
3268.34600830066  8.915839E-28
3269.4183320998  7.182605E-28
3270.49065589893  9.183258E-28
3271.56297969806  6.003053E-28
3272.63530349719  3.151551E-28
3273.70762729633  5.626923E-28
3274.77995109546  5.053524E-28
3275.85227489459  5.899311E-28
3276.92459869373  5.694769E-28
3277.99692249286  5.932931E-28
3279.06924629199  3.956719E-28
3280.14157009113  6.374621E-28
3281.21389389026  1.118545E-27
3282.28621768939  1.024642E-27
3283.35854148853  7.771882E-28
3284.43086528766  4.960946E-28
3285.50318908679  5.532049E-28
3286.57551288593  8.320948E-28
3287.64783668506  8.565355E-28
3288.72016048419  9.008767E-28
3289.79248428333  7.700514E-28
3290.86480808246  8.798308E-28
3291.93713188159  5.804901E-28
3293.00945568073  5.361134E-28
3294.08177947986  9.851391E-28
3295.15410327899  8.615905E-28
3296.22642707813  7.759806E-28
3297.29875087726  8.331036E-28
3298.37107467639  8.555107E-28
3299.44339847553  9.271453E-28
3300.51572227466  4.866977E-28
3301.58804607379  5.587435E-28
3302.66036987293  3.423953E-28
3303.73269367206  1.836597E-28
3304.80501747119  4.764651E-28
3305.87734127033  4.957905E-28
3306.94966506946  6.468182E-28
3308.02198886859  3.754591E-28
3309.09431266773  6.524403E-28
3310.16663646686  5.752285E-28
3311.23896026599  4.297608E-28
3312.31128406513  4.420288E-28
3313.38360786426  2.453802E-28
3314.45593166339  4.455369E-28
3315.52825546253  6.444575E-28
3316.60057926166  6.316563E-28
3317.67290306079  5.033987E-28
3318.74522685993  4.219259E-28
3319.81755065906  6.537527E-28
3320.88987445819  7.726586E-28
3321.96219825733  5.901208E-28
3323.03452205646  5.862201E-28
3324.10684585559  6.621112E-28
3325.17916965473  6.101687E-28
3326.25149345386  5.442620E-28
3327.32381725299  7.555728E-28
3328.39614105213  6.285708E-28
3329.46846485126  4.613743E-28
3330.54078865039  6.429078E-28
3331.61311244953  4.901598E-28
3332.68543624866  5.066851E-28
3333.75776004779  8.087769E-28
3334.83008384693  7.842347E-28
3335.90240764606  9.035169E-28
3336.97473144519  7.542223E-28
3338.04705524433  5.917002E-28
3339.11937904346  5.896961E-28
3340.19170284259  6.634639E-28
3341.26402664173  7.960302E-28
3342.33635044086  8.405079E-28
3343.40867423999  7.600095E-28
3344.48099803913  6.333234E-28
3345.55332183826  5.896978E-28
3346.62564563739  6.403659E-28
3347.69796943653  1.029871E-27
3348.77029323566  7.906564E-28
3349.84261703479  9.287820E-28
3350.91494083393  7.522652E-28
3351.98726463306  7.662377E-28
3353.05958843219  5.825467E-28
3354.13191223133  5.717881E-28
3355.20423603046  7.001960E-28
3356.27655982959  6.630503E-28
3357.34888362873  5.810382E-28
3358.42120742786  7.647860E-28
3359.49353122699  6.454268E-28
3360.56585502613  4.607842E-28
3361.63817882526  6.230923E-28
3362.71050262439  7.155981E-28
3363.78282642353  6.304556E-28
3364.85515022266  5.274245E-28
3365.92747402179  5.707249E-28
3366.99979782093  6.822664E-28
3368.07212162006  5.697812E-28
3369.14444541919  5.028284E-28
3370.21676921833  4.631712E-28
3371.28909301746  4.438399E-28
3372.36141681659  4.578809E-28
3373.43374061572  4.951444E-28
3374.50606441486  6.161352E-28
3375.57838821399  5.423431E-28
3376.65071201312  3.943846E-28
3377.72303581226  5.863464E-28
3378.79535961139  6.282407E-28
3379.86768341052  6.510009E-28
3380.94000720966  6.086575E-28
3382.01233100879  6.627975E-28
3383.08465480793  6.771952E-28
3384.15697860706  6.552318E-28
3385.22930240619  6.155529E-28
3386.30162620532  6.184843E-28
3387.37395000446  6.456868E-28
3388.44627380359  5.934021E-28
3389.51859760272  4.734080E-28
3390.59092140186  4.948948E-28
3391.66324520099  6.767385E-28
3392.73556900012  6.152052E-28
3393.80789279926  4.689689E-28
3394.88021659839  4.945115E-28
3395.95254039752  4.851555E-28
3397.02486419666  6.428159E-28
3398.09718799579  6.874626E-28
3399.16951179493  5.258428E-28
3400.24183559406  6.646371E-28
3401.31415939319  6.300821E-28
3402.38648319232  7.382970E-28
3403.45880699146  8.031874E-28
3404.53113079059  6.980180E-28
3405.60345458972  7.811399E-28
3406.67577838886  9.923044E-28
3407.74810218799  9.274753E-28
3408.82042598712  6.793989E-28
3409.89274978626  6.457529E-28
3410.96507358539  6.169338E-28
3412.03739738452  6.895128E-28
3413.10972118366  8.671056E-28
3414.18204498279  7.596042E-28
3415.25436878192  6.883140E-28
3416.32669258106  7.535259E-28
3417.39901638019  5.928217E-28
3418.47134017932  5.606298E-28
3419.54366397846  5.628217E-28
3420.61598777759  5.347970E-28
3421.68831157672  5.748293E-28
3422.76063537586  5.773984E-28
3423.83295917499  6.413571E-28
3424.90528297412  4.410464E-28
3425.97760677326  5.780330E-28
3427.04993057239  5.509544E-28
3428.12225437152  4.221215E-28
3429.19457817066  6.235964E-28
3430.26690196979  6.519473E-28
3431.33922576892  5.797487E-28
3432.41154956806  5.374692E-28
3433.48387336719  5.225441E-28
3434.55619716632  6.218690E-28
3435.62852096546  6.780347E-28
3436.70084476459  4.697661E-28
3437.77316856372  5.516519E-28
3438.84549236286  6.491943E-28
3439.91781616199  6.324925E-28
3440.99013996112  6.637878E-28
3442.06246376026  6.034287E-28
3443.13478755939  5.564807E-28
3444.20711135852  5.988710E-28
3445.27943515766  6.621312E-28
3446.35175895679  6.655465E-28
3447.42408275592  5.928391E-28
3448.49640655506  5.227922E-28
3449.56873035419  4.991997E-28
3450.64105415332  5.542511E-28
3451.71337795246  4.452933E-28
3452.78570175159  4.686723E-28
3453.85802555072  5.861530E-28
3454.93034934986  5.723857E-28
3456.00267314899  4.914784E-28
3457.07499694812  4.930182E-28
3458.14732074726  4.748969E-28
3459.21964454639  5.241859E-28
3460.29196834552  6.502123E-28
3461.36429214466  6.254124E-28
3462.43661594379  6.332855E-28
3463.50893974292  6.438245E-28
3464.58126354206  7.078371E-28
3465.65358734119  7.393842E-28
3466.72591114032  6.386888E-28
3467.79823493946  6.755250E-28
3468.87055873859  5.816387E-28
3469.94288253772  5.341161E-28
3471.01520633686  6.169750E-28
3472.08753013599  4.863531E-28
3473.15985393512  5.123403E-28
3474.23217773426  5.299494E-28
3475.30450153339  5.301436E-28
3476.37682533252  6.809679E-28
3477.44914913166  7.451728E-28
3478.52147293079  4.854741E-28
3479.59379672992  5.682294E-28
3480.66612052906  5.628970E-28
3481.73844432819  4.363887E-28
3482.81076812732  5.211707E-28
3483.88309192646  6.337831E-28
3484.95541572559  7.843937E-28
3486.02773952472  4.737457E-28
3487.10006332386  4.885903E-28
3488.17238712299  4.617269E-28
3489.24471092212  5.267237E-28
3490.31703472126  5.595690E-28
3491.38935852039  5.028942E-28
3492.46168231952  5.034584E-28
3493.53400611866  5.486511E-28
3494.60632991779  5.827176E-28
3495.67865371692  5.547586E-28
3496.75097751605  5.380417E-28
3497.82330131519  5.571578E-28
3498.89562511432  4.997256E-28
3499.96794891346  4.481568E-28
3501.04027271259  3.732008E-28
3502.11259651172  5.543364E-28
3503.18492031085  6.238996E-28
3504.25724410999  4.780060E-28
3505.32956790912  5.450079E-28
3506.40189170825  5.459616E-28
3507.47421550739  5.510321E-28
3508.54653930652  4.632292E-28
3509.61886310565  4.367160E-28
3510.69118690479  3.863552E-28
3511.76351070392  5.081499E-28
3512.83583450305  4.963231E-28
3513.90815830219  4.774259E-28
3514.98048210132  5.602443E-28
3516.05280590045  5.616535E-28
3517.12512969959  4.862276E-28
3518.19745349872  4.495697E-28
3519.26977729785  4.542913E-28
3520.34210109699  7.024577E-28
3521.41442489612  6.934763E-28
3522.48674869525  6.548106E-28
3523.55907249439  6.586535E-28
3524.63139629352  6.997732E-28
3525.70372009266  6.677024E-28
3526.77604389179  6.846556E-28
3527.84836769092  6.669912E-28
3528.92069149005  6.037681E-28
3529.99301528919  5.524622E-28
3531.06533908832  6.762375E-28
3532.13766288745  6.421994E-28
3533.20998668659  5.957585E-28
3534.28231048572  6.759630E-28
3535.35463428485  7.517215E-28
3536.42695808399  6.733600E-28
3537.49928188312  5.395084E-28
3538.57160568225  5.770953E-28
3539.64392948139  5.935355E-28
3540.71625328052  7.092595E-28
3541.78857707965  4.898589E-28
3542.86090087879  5.737096E-28
3543.93322467792  6.844104E-28
3545.00554847705  6.007158E-28
3546.07787227619  6.175801E-28
3547.15019607532  6.417151E-28
3548.22251987445  5.814603E-28
3549.29484367359  7.112685E-28
3550.36716747272  5.995335E-28
3551.43949127185  4.269166E-28
3552.51181507099  5.526883E-28
3553.58413887012  5.235756E-28
3554.65646266925  4.629451E-28
3555.72878646839  5.250373E-28
3556.80111026752  5.055051E-28
3557.87343406665  5.933807E-28
3558.94575786579  5.643329E-28
3560.01808166492  5.383863E-28
3561.09040546405  5.483449E-28
3562.16272926319  4.940712E-28
3563.23505306232  4.818180E-28
3564.30737686145  6.016107E-28
3565.37970066059  4.784140E-28
3566.45202445972  4.936359E-28
3567.52434825885  5.651458E-28
3568.59667205799  4.182253E-28
3569.66899585712  3.552890E-28
3570.74131965625  4.858180E-28
3571.81364345539  4.935075E-28
3572.88596725452  4.925880E-28
3573.95829105365  5.405792E-28
3575.03061485279  4.820236E-28
3576.10293865192  5.129506E-28
3577.17526245105  4.799129E-28
3578.24758625019  4.685322E-28
3579.31991004932  4.907968E-28
3580.39223384845  5.626976E-28
3581.46455764759  5.992984E-28
3582.53688144672  5.437586E-28
3583.60920524585  5.467750E-28
3584.68152904499  5.140251E-28
3585.75385284412  6.460372E-28
3586.82617664325  5.682759E-28
3587.89850044239  4.652626E-28
3588.97082424152  4.699522E-28
3590.04314804065  6.078530E-28
3591.11547183979  5.665842E-28
3592.18779563892  5.409957E-28
3593.26011943805  5.846729E-28
3594.33244323719  5.889697E-28
3595.40476703632  5.493312E-28
3596.47709083545  5.661017E-28
3597.54941463459  5.858013E-28
3598.62173843372  5.741647E-28
3599.69406223285  5.490223E-28
3600.76638603199  4.791296E-28
3601.83870983112  5.272957E-28
3602.91103363025  5.379423E-28
3603.98335742939  5.341789E-28
3605.05568122852  6.087736E-28
3606.12800502765  7.241218E-28
3607.20032882678  6.749523E-28
3608.27265262592  6.025035E-28
3609.34497642505  5.585592E-28
3610.41730022419  5.561950E-28
3611.48962402332  6.784848E-28
3612.56194782245  6.492138E-28
3613.63427162159  5.526328E-28
3614.70659542072  6.376277E-28
3615.77891921985  5.372249E-28
3616.85124301898  4.989069E-28
3617.92356681812  5.398059E-28
3618.99589061725  6.260614E-28
3620.06821441638  5.716916E-28
3621.14053821552  5.135462E-28
3622.21286201465  5.667022E-28
3623.28518581378  5.259282E-28
3624.35750961292  5.207016E-28
3625.42983341205  5.213135E-28
3626.50215721119  5.320973E-28
3627.57448101032  5.257821E-28
3628.64680480945  4.435792E-28
3629.71912860858  4.715559E-28
3630.79145240772  4.672101E-28
3631.86377620685  5.247401E-28
3632.93610000598  4.982929E-28
3634.00842380512  4.435906E-28
3635.08074760425  4.114578E-28
3636.15307140338  5.489861E-28
3637.22539520252  4.832494E-28
3638.29771900165  4.658058E-28
3639.37004280078  5.275795E-28
3640.44236659992  5.255121E-28
3641.51469039905  5.736040E-28
3642.58701419818  4.502704E-28
3643.65933799732  4.300639E-28
3644.73166179645  4.308196E-28
3645.80398559558  3.631800E-28
3646.87630939472  3.189902E-28
3647.94863319385  4.640181E-28
3649.02095699298  4.867017E-28
3650.09328079212  3.839712E-28
3651.16560459125  4.476740E-28
3652.23792839038  4.880226E-28
3653.31025218952  4.985871E-28
3654.38257598865  3.047418E-28
3655.45489978778  3.327712E-28
3656.52722358692  4.327213E-28
3657.59954738605  5.045310E-28
3658.67187118518  4.918759E-28
3659.74419498432  3.784264E-28
3660.81651878345  3.932214E-28
3661.88884258258  4.239634E-28
3662.96116638172  3.876764E-28
3664.03349018085  4.334686E-28
3665.10581397998  3.952463E-28
3666.17813777912  4.136902E-28
3667.25046157825  5.213624E-28
3668.32278537738  4.987557E-28
3669.39510917652  5.254791E-28
3670.46743297565  4.742197E-28
3671.53975677478  5.055246E-28
3672.61208057392  5.590546E-28
3673.68440437305  4.202255E-28
3674.75672817218  3.845467E-28
3675.82905197132  4.841263E-28
3676.90137577045  5.392742E-28
3677.97369956958  4.920609E-28
3679.04602336872  4.704761E-28
3680.11834716785  4.642595E-28
3681.19067096698  5.380497E-28
3682.26299476612  5.272827E-28
3683.33531856525  4.280482E-28
3684.40764236438  4.575002E-28
3685.47996616352  6.139670E-28
3686.55228996265  6.151118E-28
3687.62461376178  5.219324E-28
3688.69693756092  4.747795E-28
3689.76926136005  5.822003E-28
3690.84158515918  5.781821E-28
3691.91390895832  5.165056E-28
3692.98623275745  5.706625E-28
3694.05855655658  5.330869E-28
3695.13088035572  5.745874E-28
3696.20320415485  4.964494E-28
3697.27552795398  4.400753E-28
3698.34785175312  5.954807E-28
3699.42017555225  5.082764E-28
3700.49249935138  4.458255E-28
3701.56482315052  4.909040E-28
3702.63714694965  5.218371E-28
3703.70947074878  4.664294E-28
3704.78179454792  5.123352E-28
3705.85411834705  4.811242E-28
3706.92644214618  4.952941E-28
3707.99876594531  5.261674E-28
3709.07108974445  5.656631E-28
3710.14341354358  4.694634E-28
3711.21573734272  4.908470E-28
3712.28806114185  4.626109E-28
3713.36038494098  4.989300E-28
3714.43270874012  5.337368E-28
3715.50503253925  5.227839E-28
3716.57735633838  5.146973E-28
3717.64968013751  4.769029E-28
3718.72200393665  4.748791E-28
3719.79432773578  4.592223E-28
3720.86665153491  4.779299E-28
3721.93897533405  4.620546E-28
3723.01129913318  4.401284E-28
3724.08362293231  4.487256E-28
3725.15594673145  4.736408E-28
3726.22827053058  3.932992E-28
3727.30059432972  4.595550E-28
3728.37291812885  4.594359E-28
3729.44524192798  4.181193E-28
3730.51756572712  4.074864E-28
3731.58988952625  4.549363E-28
3732.66221332538  4.422220E-28
3733.73453712451  4.371003E-28
3734.80686092365  4.494639E-28
3735.87918472278  4.531758E-28
3736.95150852191  3.544036E-28
3738.02383232105  4.167836E-28
3739.09615612018  3.618189E-28
3740.16847991931  5.118619E-28
3741.24080371845  5.204049E-28
3742.31312751758  5.273197E-28
3743.38545131671  4.543350E-28
3744.45777511585  4.185628E-28
3745.53009891498  3.991700E-28
3746.60242271411  4.867398E-28
3747.67474651325  5.432225E-28
3748.74707031238  4.401512E-28
3749.81939411151  4.720884E-28
3750.89171791065  4.456458E-28
3751.96404170978  4.943104E-28
3753.03636550891  4.735290E-28
3754.10868930805  4.103044E-28
3755.18101310718  4.124257E-28
3756.25333690631  4.707321E-28
3757.32566070545  4.861023E-28
3758.39798450458  5.472565E-28
3759.47030830371  5.296537E-28
3760.54263210285  4.996106E-28
3761.61495590198  4.442846E-28
3762.68727970111  4.791634E-28
3763.75960350025  4.635731E-28
3764.83192729938  4.530071E-28
3765.90425109851  4.897882E-28
3766.97657489765  4.026243E-28
3768.04889869678  5.100451E-28
3769.12122249591  5.753674E-28
3770.19354629505  4.969242E-28
3771.26587009418  4.864162E-28
3772.33819389331  5.311081E-28
3773.41051769245  5.524012E-28
3774.48284149158  4.847570E-28
3775.55516529071  5.325077E-28
3776.62748908985  6.121629E-28
3777.69981288898  6.215432E-28
3778.77213668811  5.742749E-28
3779.84446048725  5.756921E-28
3780.91678428638  5.635121E-28
3781.98910808551  5.802934E-28
3783.06143188465  5.758925E-28
3784.13375568378  5.956675E-28
3785.20607948291  5.864957E-28
3786.27840328205  6.416639E-28
3787.35072708118  6.482232E-28
3788.42305088031  6.127432E-28
3789.49537467945  6.122936E-28
3790.56769847858  5.496807E-28
3791.64002227771  5.476007E-28
3792.71234607685  6.260074E-28
3793.78466987598  6.435400E-28
3794.85699367511  6.009351E-28
3795.92931747425  5.967987E-28
3797.00164127338  6.484322E-28
3798.07396507251  6.106066E-28
3799.14628887165  6.748291E-28
3800.21861267078  5.734192E-28
3801.29093646991  5.802847E-28
3802.36326026905  6.185436E-28
3803.43558406818  6.017011E-28
3804.50790786731  6.048738E-28
3805.58023166645  7.300428E-28
3806.65255546558  7.102605E-28
3807.72487926471  6.640394E-28
3808.79720306385  6.858680E-28
3809.86952686298  6.489702E-28
3810.94185066211  6.937943E-28
3812.01417446125  6.898086E-28
3813.08649826038  6.944508E-28
3814.15882205951  7.665075E-28
3815.23114585865  7.562697E-28
3816.30346965778  6.858144E-28
3817.37579345691  7.046156E-28
3818.44811725605  6.889282E-28
3819.52044105518  6.669314E-28
3820.59276485431  6.409582E-28
3821.66508865345  6.813238E-28
3822.73741245258  6.471229E-28
3823.80973625171  7.317004E-28
3824.88206005085  7.922648E-28
3825.95438384998  7.407313E-28
3827.02670764911  7.604532E-28
3828.09903144825  8.271312E-28
3829.17135524738  7.232026E-28
3830.24367904651  7.680598E-28
3831.31600284565  8.405346E-28
3832.38832664478  8.655120E-28
3833.46065044391  7.821943E-28
3834.53297424305  8.093018E-28
3835.60529804218  8.109799E-28
3836.67762184131  8.185444E-28
3837.74994564045  8.472601E-28
3838.82226943958  7.958038E-28
3839.89459323871  7.597232E-28
3840.96691703784  8.341708E-28
3842.03924083698  9.254924E-28
3843.11156463611  9.318886E-28
3844.18388843524  8.716845E-28
3845.25621223438  8.329291E-28
3846.32853603351  9.443916E-28
3847.40085983264  9.244633E-28
3848.47318363178  9.222738E-28
3849.54550743091  9.150148E-28
3850.61783123004  9.210714E-28
3851.69015502918  9.650196E-28
3852.76247882831  9.534927E-28
3853.83480262744  9.883012E-28
3854.90712642658  1.070369E-27
3855.97945022571  1.017567E-27
3857.05177402484  1.057303E-27
3858.12409782398  1.057232E-27
3859.19642162311  1.048404E-27
3860.26874542224  1.051624E-27
3861.34106922138  1.006973E-27
3862.41339302051  9.999994E-28
3863.48571681964  9.447543E-28
3864.55804061878  9.188822E-28
3865.63036441791  1.005508E-27
3866.70268821704  9.503980E-28
3867.77501201618  9.645802E-28
3868.84733581531  9.403163E-28
3869.91965961444  8.805956E-28
3870.99198341358  8.751889E-28
3872.06430721271  8.462824E-28
3873.13663101184  8.325414E-28
3874.20895481098  8.298909E-28
3875.28127861011  8.517546E-28
3876.35360240924  9.003553E-28
3877.42592620838  8.458061E-28
3878.49825000751  8.157584E-28
3879.57057380664  8.388826E-28
3880.64289760578  8.626984E-28
3881.71522140491  9.203756E-28
3882.78754520404  9.210216E-28
3883.85986900318  8.573888E-28
3884.93219280231  8.463169E-28
3886.00451660144  8.915760E-28
3887.07684040058  9.048599E-28
3888.14916419971  8.756473E-28
3889.22148799884  8.509690E-28
3890.29381179798  8.599438E-28
3891.36613559711  8.593740E-28
3892.43845939624  8.391738E-28
3893.51078319538  9.091559E-28
3894.58310699451  8.621721E-28
3895.65543079364  7.337618E-28
3896.72775459278  7.643768E-28
3897.80007839191  8.583753E-28
3898.87240219104  8.615306E-28
3899.94472599018  7.991702E-28
3901.01704978931  7.963293E-28
3902.08937358844  7.390462E-28
3903.16169738758  7.198579E-28
3904.23402118671  7.772308E-28
3905.30634498584  7.578998E-28
3906.37866878498  7.293310E-28
3907.45099258411  7.388451E-28
3908.52331638324  7.707453E-28
3909.59564018238  7.367269E-28
3910.66796398151  6.736603E-28
3911.74028778064  7.018111E-28
3912.81261157978  6.906168E-28
3913.88493537891  6.395095E-28
3914.95725917804  5.864388E-28
3916.02958297718  6.623217E-28
3917.10190677631  6.810041E-28
3918.17423057544  5.767678E-28
3919.24655437458  6.611236E-28
3920.31887817371  6.930519E-28
3921.39120197284  7.190287E-28
3922.46352577198  6.671165E-28
3923.53584957111  5.947975E-28
3924.60817337024  5.624020E-28
3925.68049716938  5.974215E-28
3926.75282096851  6.188991E-28
3927.82514476764  5.731128E-28
3928.89746856678  6.059610E-28
3929.96979236591  6.293752E-28
3931.04211616504  5.610066E-28
3932.11443996418  5.911407E-28
3933.18676376331  5.696388E-28
3934.25908756244  5.155472E-28
3935.33141136158  5.011768E-28
3936.40373516071  5.718602E-28
3937.47605895984  5.496223E-28
3938.54838275898  4.581535E-28
3939.62070655811  4.822774E-28
3940.69303035724  5.427452E-28
3941.76535415637  5.282006E-28
3942.83767795551  5.153837E-28
3943.91000175464  4.754537E-28
3944.98232555378  5.511407E-28
3946.05464935291  5.033647E-28
3947.12697315204  4.750836E-28
3948.19929695117  5.003432E-28
3949.27162075031  5.275275E-28
3950.34394454944  5.140213E-28
3951.41626834857  5.572698E-28
3952.48859214771  5.104021E-28
3953.56091594684  5.117585E-28
3954.63323974597  5.254558E-28
3955.70556354511  4.638778E-28
3956.77788734424  4.918737E-28
3957.85021114337  4.958196E-28
3958.92253494251  4.996823E-28
3959.99485874164  4.947930E-28
3961.06718254078  4.742886E-28
3962.13950633991  4.898527E-28
3963.21183013904  4.350991E-28
3964.28415393817  4.468723E-28
3965.35647773731  5.096551E-28
3966.42880153644  4.716686E-28
3967.50112533557  4.509814E-28
3968.57344913471  4.528107E-28
3969.64577293384  4.343867E-28
3970.71809673297  4.425378E-28
3971.79042053211  4.836380E-28
3972.86274433124  4.570030E-28
3973.93506813037  4.995200E-28
3975.00739192951  4.980976E-28
3976.07971572864  4.719597E-28
3977.15203952777  4.559532E-28
3978.22436332691  4.272809E-28
3979.29668712604  4.937290E-28
3980.36901092517  4.749964E-28
3981.44133472431  4.551087E-28
3982.51365852344  4.123974E-28
3983.58598232257  4.366322E-28
3984.65830612171  4.570191E-28
3985.73062992084  4.664994E-28
3986.80295371997  4.741174E-28
3987.87527751911  4.008825E-28
3988.94760131824  3.766995E-28
3990.01992511737  4.178160E-28
3991.09224891651  4.439102E-28
3992.16457271564  4.802274E-28
3993.23689651477  5.078396E-28
3994.30922031391  4.694158E-28
3995.38154411304  4.634723E-28
3996.45386791217  5.031533E-28
3997.52619171131  4.233642E-28
3998.59851551044  3.895799E-28
3999.67083930957  4.136712E-28
4000.74316310871  4.520929E-28
4001.81548690784  4.268569E-28
4002.88781070697  4.315028E-28
4003.96013450611  3.951994E-28
4005.03245830524  4.190308E-28
4006.10478210437  4.214209E-28
4007.17710590351  4.418175E-28
4008.24942970264  4.482997E-28
4009.32175350177  4.306592E-28
4010.39407730091  4.209615E-28
4011.46640110004  4.629041E-28
4012.53872489917  4.733695E-28
4013.61104869831  4.138569E-28
4014.68337249744  4.146054E-28
4015.75569629657  4.304577E-28
4016.82802009571  4.038879E-28
4017.90034389484  3.728313E-28
4018.97266769397  3.967402E-28
4020.04499149311  3.958555E-28
4021.11731529224  3.952884E-28
4022.18963909137  4.281674E-28
4023.26196289051  4.183313E-28
4024.33428668964  4.005415E-28
4025.40661048877  4.074053E-28
4026.47893428791  4.111432E-28
4027.55125808704  4.339307E-28
4028.62358188617  4.328972E-28
4029.69590568531  4.238452E-28
4030.76822948444  4.774015E-28
4031.84055328357  4.806917E-28
4032.91287708271  4.307855E-28
4033.98520088184  4.187886E-28
4035.05752468097  4.365673E-28
4036.12984848011  4.237399E-28
4037.20217227924  4.016848E-28
4038.27449607837  4.318812E-28
4039.34681987751  4.128107E-28
4040.41914367664  4.196375E-28
4041.49146747577  4.538122E-28
4042.56379127491  4.388719E-28
4043.63611507404  4.135961E-28
4044.70843887317  3.771714E-28
4045.7807626723  4.363493E-28
4046.85308647144  3.997533E-28
4047.92541027057  4.320292E-28
4048.9977340697  4.349092E-28
4050.07005786884  4.507770E-28
4051.14238166797  4.710013E-28
4052.21470546711  4.505716E-28
4053.28702926624  5.028884E-28
4054.35935306537  4.630000E-28
4055.43167686451  4.067870E-28
4056.50400066364  4.602551E-28
4057.57632446277  3.807197E-28
4058.6486482619  4.516152E-28
4059.72097206104  4.430448E-28
4060.79329586017  4.471058E-28
4061.8656196593  4.624495E-28
4062.93794345844  4.496943E-28
4064.01026725757  4.312063E-28
4065.0825910567  4.957526E-28
4066.15491485584  4.604576E-28
4067.22723865497  4.287766E-28
4068.29956245411  4.632529E-28
4069.37188625324  4.412515E-28
4070.44421005237  4.312432E-28
4071.5165338515  4.369046E-28
4072.58885765064  4.702368E-28
4073.66118144977  4.392589E-28
4074.7335052489  5.351717E-28
4075.80582904804  4.711555E-28
4076.87815284717  4.568438E-28
4077.9504766463  4.794460E-28
4079.02280044544  4.382861E-28
4080.09512424457  4.726635E-28
4081.1674480437  4.800338E-28
4082.23977184284  4.080506E-28
4083.31209564197  4.199339E-28
4084.3844194411  4.816228E-28
4085.45674324024  4.437174E-28
4086.52906703937  4.464206E-28
4087.6013908385  5.434465E-28
4088.67371463764  4.745028E-28
4089.74603843677  4.233936E-28
4090.8183622359  4.955811E-28
4091.89068603504  4.208317E-28
4092.96300983417  4.433258E-28
4094.0353336333  5.040329E-28
4095.10765743244  4.680317E-28
4096.17998123157  4.904438E-28
4097.2523050307  5.123331E-28
4098.32462882984  5.251877E-28
4099.39695262897  4.399009E-28
4100.4692764281  4.536941E-28
4101.54160022724  4.693255E-28
4102.61392402637  4.267571E-28
4103.6862478255  4.663519E-28
4104.75857162464  4.460472E-28
4105.83089542377  3.953296E-28
4106.9032192229  4.337765E-28
4107.97554302204  4.901720E-28
4109.04786682117  4.378635E-28
4110.1201906203  4.399872E-28
4111.19251441944  4.258990E-28
4112.26483821857  4.215781E-28
4113.3371620177  4.619019E-28
4114.40948581684  4.384943E-28
4115.48180961597  4.157564E-28
4116.5541334151  4.352497E-28
4117.62645721424  4.487346E-28
4118.69878101337  4.035746E-28
4119.7711048125  4.396313E-28
4120.84342861164  4.264136E-28
4121.91575241077  3.400812E-28
4122.9880762099  3.686600E-28
4124.06040000904  4.114241E-28
4125.13272380817  4.149942E-28
4126.2050476073  3.891213E-28
4127.27737140644  3.756606E-28
4128.34969520557  4.325488E-28
4129.4220190047  4.627337E-28
4130.49434280384  4.376840E-28
4131.56666660297  4.255349E-28
4132.6389904021  4.585394E-28
4133.71131420124  4.546212E-28
4134.78363800037  4.336113E-28
4135.8559617995  4.125337E-28
4136.92828559864  3.483285E-28
4138.00060939777  3.526293E-28
4139.0729331969  3.660890E-28
4140.14525699604  3.798566E-28
4141.21758079517  4.153091E-28
4142.2899045943  4.070174E-28
4143.36222839344  3.936444E-28
4144.43455219257  4.048206E-28
4145.5068759917  4.485216E-28
4146.57919979083  4.284751E-28
4147.65152358997  4.164943E-28
4148.7238473891  4.254411E-28
4149.79617118824  4.009263E-28
4150.86849498737  4.387728E-28
4151.9408187865  4.336148E-28
4153.01314258564  3.970800E-28
4154.08546638477  3.860370E-28
4155.1577901839  3.985581E-28
4156.23011398304  3.743429E-28
4157.30243778217  3.613631E-28
4158.3747615813  3.339713E-28
4159.44708538044  3.532567E-28
4160.51940917957  3.635686E-28
4161.5917329787  3.475772E-28
4162.66405677783  3.795799E-28
4163.73638057697  4.143806E-28
4164.8087043761  3.594439E-28
4165.88102817523  3.724146E-28
4166.95335197437  4.154007E-28
4168.0256757735  4.072444E-28
4169.09799957264  3.554892E-28
4170.17032337177  3.667896E-28
4171.2426471709  3.301329E-28
4172.31497097003  3.536417E-28
4173.38729476917  3.708710E-28
4174.4596185683  4.010705E-28
4175.53194236744  3.811628E-28
4176.60426616657  3.942366E-28
4177.6765899657  3.907476E-28
4178.74891376483  3.991223E-28
4179.82123756397  4.024211E-28
4180.8935613631  4.309887E-28
4181.96588516223  3.918938E-28
4183.03820896137  3.519513E-28
4184.1105327605  4.249081E-28
4185.18285655963  3.915232E-28
4186.25518035877  3.630045E-28
4187.3275041579  3.369987E-28
4188.39982795703  3.719884E-28
4189.47215175617  3.811205E-28
4190.5444755553  4.062480E-28
4191.61679935443  3.704732E-28
4192.68912315357  4.399680E-28
4193.7614469527  3.616493E-28
4194.83377075183  3.457817E-28
4195.90609455097  3.769679E-28
4196.9784183501  3.619497E-28
4198.05074214923  3.724759E-28
4199.12306594837  3.757677E-28
4200.1953897475  4.136508E-28
4201.26771354663  4.019475E-28
4202.34003734577  3.604657E-28
4203.4123611449  3.470256E-28
4204.48468494403  3.347483E-28
4205.55700874317  3.560178E-28
4206.6293325423  3.511801E-28
4207.70165634143  3.946989E-28
4208.77398014057  3.737602E-28
4209.8463039397  3.544477E-28
4210.91862773883  3.806205E-28
4211.99095153797  3.789107E-28
4213.0632753371  3.455171E-28
4214.13559913623  3.466368E-28
4215.20792293537  3.496087E-28
4216.2802467345  3.158451E-28
4217.35257053363  3.450660E-28
4218.42489433277  3.742995E-28
4219.4972181319  3.128367E-28
4220.56954193103  2.976149E-28
4221.64186573017  3.586791E-28
4222.7141895293  3.965228E-28
4223.78651332843  3.540025E-28
4224.85883712757  3.458737E-28
4225.9311609267  4.082681E-28
4227.00348472583  3.736063E-28
4228.07580852497  3.332095E-28
4229.1481323241  3.649595E-28
4230.22045612323  3.778135E-28
4231.29277992237  3.518701E-28
4232.3651037215  3.755510E-28
4233.43742752063  4.042513E-28
4234.50975131977  3.899243E-28
4235.5820751189  3.761315E-28
4236.65439891803  4.200342E-28
4237.72672271717  4.610545E-28
4238.7990465163  3.879464E-28
4239.87137031543  3.518408E-28
4240.94369411457  3.543539E-28
4242.0160179137  3.453719E-28
4243.08834171283  3.483867E-28
4244.16066551197  3.254922E-28
4245.2329893111  3.792486E-28
4246.30531311023  3.831581E-28
4247.37763690936  3.436991E-28
4248.4499607085  3.697772E-28
4249.52228450763  3.621715E-28
4250.59460830676  4.101080E-28
4251.6669321059  4.011734E-28
4252.73925590503  3.598756E-28
4253.81157970417  3.736750E-28
4254.8839035033  3.404723E-28
4255.95622730243  3.418459E-28
4257.02855110157  3.341156E-28
4258.1008749007  3.412198E-28
4259.17319869983  3.656801E-28
4260.24552249897  3.962592E-28
4261.3178462981  4.502694E-28
4262.39017009723  4.164510E-28
4263.46249389636  3.634833E-28
4264.5348176955  4.013711E-28
4265.60714149463  4.216980E-28
4266.67946529376  3.951504E-28
4267.7517890929  3.650666E-28
4268.82411289203  4.035190E-28
4269.89643669117  3.316342E-28
4270.9687604903  4.102817E-28
4272.04108428943  4.329303E-28
4273.11340808856  4.107315E-28
4274.1857318877  4.061328E-28
4275.25805568683  4.184064E-28
4276.33037948597  4.379602E-28
4277.4027032851  4.216875E-28
4278.47502708423  4.288562E-28
4279.54735088336  3.990228E-28
4280.6196746825  4.121044E-28
4281.69199848163  4.231251E-28
4282.76432228076  4.368064E-28
4283.8366460799  4.471433E-28
4284.90896987903  4.239158E-28
4285.98129367816  3.977308E-28
4287.0536174773  3.725832E-28
4288.12594127643  4.085324E-28
4289.19826507556  4.215407E-28
4290.2705888747  3.487912E-28
4291.34291267383  4.196771E-28
4292.41523647296  4.847566E-28
4293.4875602721  4.283786E-28
4294.55988407123  4.381764E-28
4295.63220787036  4.579367E-28
4296.7045316695  4.516865E-28
4297.77685546863  4.630361E-28
4298.84917926776  4.658422E-28
4299.9215030669  4.677765E-28
4300.99382686603  4.688006E-28
4302.06615066516  4.811850E-28
4303.1384744643  4.660780E-28
4304.21079826343  4.973696E-28
4305.28312206256  4.927340E-28
4306.3554458617  4.322074E-28
4307.42776966083  4.364053E-28
4308.50009345996  4.357799E-28
4309.5724172591  4.745273E-28
4310.64474105823  4.644527E-28
4311.71706485736  4.442693E-28
4312.7893886565  4.321448E-28
4313.86171245563  4.487597E-28
4314.93403625476  4.391589E-28
4316.0063600539  3.923278E-28
4317.07868385303  3.932116E-28
4318.15100765216  4.144930E-28
4319.2233314513  4.576133E-28
4320.29565525043  4.135323E-28
4321.36797904956  4.875372E-28
4322.4403028487  4.932401E-28
4323.51262664783  4.838143E-28
4324.58495044696  4.632694E-28
4325.6572742461  4.493865E-28
4326.72959804523  4.706141E-28
4327.80192184436  4.749649E-28
4328.8742456435  4.115902E-28
4329.94656944263  3.946736E-28
4331.01889324176  4.383324E-28
4332.0912170409  4.232751E-28
4333.16354084003  3.812514E-28
4334.23586463916  3.623829E-28
4335.3081884383  4.245289E-28
4336.38051223743  4.280744E-28
4337.45283603656  4.110932E-28
4338.5251598357  4.661901E-28
4339.59748363483  4.373569E-28
4340.66980743396  4.671249E-28
4341.7421312331  4.444753E-28
4342.81445503223  4.396756E-28
4343.88677883136  4.207997E-28
4344.9591026305  4.853941E-28
4346.03142642963  4.219229E-28
4347.10375022876  4.050454E-28
4348.17607402789  4.107858E-28
4349.24839782703  4.717881E-28
4350.32072162616  3.780994E-28
4351.3930454253  4.295804E-28
4352.46536922443  4.498233E-28
4353.53769302356  4.615688E-28
4354.6100168227  4.209645E-28
4355.68234062183  3.451497E-28
4356.75466442096  3.259784E-28
4357.8269882201  2.676400E-28
4358.89931201923  4.074682E-28
4359.97163581836  3.243774E-28
4361.0439596175  4.103962E-28
4362.11628341663  4.394360E-28
4363.18860721576  3.566514E-28
4364.26093101489  4.183603E-28
4365.33325481403  4.276239E-28
4366.40557861316  4.077729E-28
4367.4779024123  4.471169E-28
4368.55022621143  4.776055E-28
4369.62255001056  4.690595E-28
4370.6948738097  4.724694E-28
4371.76719760883  4.339935E-28
4372.83952140796  4.432815E-28
4373.9118452071  4.807364E-28
4374.98416900623  3.876341E-28
4376.05649280536  3.891516E-28
4377.1288166045  4.759507E-28
4378.20114040363  4.646491E-28
4379.27346420276  3.961393E-28
4380.34578800189  3.548427E-28
4381.41811180103  3.898241E-28
4382.49043560016  4.213209E-28
4383.5627593993  4.408322E-28
4384.63508319843  4.386140E-28
4385.70740699756  4.296800E-28
4386.7797307967  4.267404E-28
4387.85205459583  4.003440E-28
4388.92437839496  4.206132E-28
4389.9967021941  4.200723E-28
4391.06902599323  4.433062E-28
4392.14134979236  4.902862E-28
4393.2136735915  4.419321E-28
4394.28599739063  4.482562E-28
4395.35832118976  4.595851E-28
4396.43064498889  4.233949E-28
4397.50296878803  4.453129E-28
4398.57529258716  4.913667E-28
4399.6476163863  3.949200E-28
4400.71994018543  4.134221E-28
4401.79226398456  4.618087E-28
4402.8645877837  4.345618E-28
4403.93691158283  4.944374E-28
4405.00923538196  5.262389E-28
4406.0815591811  4.127615E-28
4407.15388298023  3.997177E-28
4408.22620677936  3.725488E-28
4409.29853057849  4.090385E-28
4410.37085437763  4.464594E-28
4411.44317817676  4.583138E-28
4412.51550197589  4.559212E-28
4413.58782577503  4.907006E-28
4414.66014957416  4.049271E-28
4415.73247337329  4.594353E-28
4416.80479717243  4.564702E-28
4417.87712097156  5.053385E-28
4418.94944477069  4.811342E-28
4420.02176856983  4.060550E-28
4421.09409236896  3.948195E-28
4422.16641616809  4.697286E-28
4423.23873996723  4.466480E-28
4424.31106376636  3.895521E-28
4425.38338756549  4.107975E-28
4426.45571136463  4.186982E-28
4427.52803516376  4.049901E-28
4428.60035896289  4.368891E-28
4429.67268276203  4.045334E-28
4430.74500656116  4.233486E-28
4431.81733036029  4.426669E-28
4432.88965415943  4.409245E-28
4433.96197795856  4.869149E-28
4435.03430175769  4.630583E-28
4436.10662555683  4.576297E-28
4437.17894935596  4.208802E-28
4438.25127315509  4.012665E-28
4439.32359695423  4.841844E-28
4440.39592075336  4.573578E-28
4441.46824455249  4.528696E-28
4442.54056835163  5.054577E-28
4443.61289215076  4.777099E-28
4444.68521594989  4.205807E-28
4445.75753974903  4.253428E-28
4446.82986354816  4.293782E-28
4447.90218734729  3.849750E-28
4448.97451114643  3.812319E-28
4450.04683494556  4.253126E-28
4451.11915874469  4.384627E-28
4452.19148254383  4.246825E-28
4453.26380634296  4.346069E-28
4454.33613014209  4.430274E-28
4455.40845394123  4.268258E-28
4456.48077774036  4.586938E-28
4457.55310153949  4.794736E-28
4458.62542533863  4.679631E-28
4459.69774913776  5.026273E-28
4460.77007293689  4.288835E-28
4461.84239673603  3.658684E-28
4462.91472053516  4.284586E-28
4463.98704433429  4.486921E-28
4465.05936813343  4.535780E-28
4466.13169193256  4.386289E-28
4467.20401573169  4.187589E-28
4468.27633953083  4.268942E-28
4469.34866332996  5.268660E-28
4470.42098712909  4.208366E-28
4471.49331092823  4.504784E-28
4472.56563472736  4.055519E-28
4473.63795852649  4.292166E-28
4474.71028232563  4.722846E-28
4475.78260612476  4.324507E-28
4476.85492992389  3.733729E-28
4477.92725372303  4.451578E-28
4478.99957752216  4.188604E-28
4480.07190132129  3.692334E-28
4481.14422512043  4.353110E-28
4482.21654891956  4.524462E-28
4483.28887271869  3.998645E-28
4484.36119651783  4.087193E-28
4485.43352031696  4.176640E-28
4486.50584411609  4.175811E-28
4487.57816791523  4.645915E-28
4488.65049171436  4.622132E-28
4489.72281551349  4.703134E-28
4490.79513931263  4.848423E-28
4491.86746311176  4.466849E-28
4492.93978691089  3.643305E-28
4494.01211071003  4.209636E-28
4495.08443450916  4.617311E-28
4496.15675830829  4.071061E-28
4497.22908210743  3.971995E-28
4498.30140590656  4.040045E-28
4499.37372970569  4.554639E-28
4500.44605350483  4.299153E-28
4501.51837730396  4.289831E-28
4502.59070110309  5.038804E-28
4503.66302490223  4.185176E-28
4504.73534870136  3.870492E-28
4505.80767250049  4.269985E-28
4506.87999629962  4.118184E-28
4507.95232009876  4.355644E-28
4509.02464389789  4.481115E-28
4510.09696769703  4.093918E-28
4511.16929149616  4.365388E-28
4512.24161529529  4.351126E-28
4513.31393909443  4.011141E-28
4514.38626289356  3.806293E-28
4515.45858669269  4.177252E-28
4516.53091049183  4.060431E-28
4517.60323429096  4.112065E-28
4518.67555809009  3.965987E-28
4519.74788188923  3.809271E-28
4520.82020568836  4.598493E-28
4521.89252948749  4.460914E-28
4522.96485328662  3.970287E-28
4524.03717708576  4.251404E-28
4525.10950088489  4.060974E-28
4526.18182468403  4.421142E-28
4527.25414848316  4.675897E-28
4528.32647228229  4.149403E-28
4529.39879608143  4.232388E-28
4530.47111988056  3.703461E-28
4531.54344367969  3.532455E-28
4532.61576747883  3.236583E-28
4533.68809127796  3.619214E-28
4534.76041507709  4.552821E-28
4535.83273887623  4.041988E-28
4536.90506267536  4.632460E-28
4537.97738647449  4.125995E-28
4539.04971027362  3.992571E-28
4540.12203407276  3.912884E-28
4541.19435787189  3.912352E-28
4542.26668167103  4.353663E-28
4543.33900547016  3.868156E-28
4544.41132926929  4.072293E-28
4545.48365306842  4.261378E-28
4546.55597686756  4.262462E-28
4547.62830066669  4.349815E-28
4548.70062446583  3.986544E-28
4549.77294826496  4.493376E-28
4550.84527206409  4.064039E-28
4551.91759586322  4.369327E-28
4552.98991966236  4.064938E-28
4554.06224346149  4.347872E-28
4555.13456726062  3.632692E-28
4556.20689105976  4.108164E-28
4557.27921485889  4.156305E-28
4558.35153865802  3.634152E-28
4559.42386245716  3.866367E-28
4560.49618625629  3.965098E-28
4561.56851005542  3.890996E-28
4562.64083385456  4.214644E-28
4563.71315765369  4.286499E-28
4564.78548145282  4.764855E-28
4565.85780525196  4.835997E-28
4566.93012905109  3.539354E-28
4568.00245285022  3.843515E-28
4569.07477664936  3.479142E-28
4570.14710044849  4.105756E-28
4571.21942424762  4.173775E-28
4572.29174804676  3.592204E-28
4573.36407184589  3.624122E-28
4574.43639564502  4.290964E-28
4575.50871944416  4.501667E-28
4576.58104324329  4.651687E-28
4577.65336704242  4.486127E-28
4578.72569084156  4.147305E-28
4579.79801464069  4.012163E-28
4580.87033843982  4.132763E-28
4581.94266223896  4.520672E-28
4583.01498603809  4.679828E-28
4584.08730983722  4.424832E-28
4585.15963363636  4.050834E-28
4586.23195743549  4.092160E-28
4587.30428123462  3.799939E-28
4588.37660503376  4.133057E-28
4589.44892883289  4.209645E-28
4590.52125263202  3.926258E-28
4591.59357643116  3.906829E-28
4592.66590023029  3.923650E-28
4593.73822402942  3.890892E-28
4594.81054782856  3.923972E-28
4595.88287162769  4.541792E-28
4596.95519542682  4.567736E-28
4598.02751922596  4.152695E-28
4599.09984302509  3.860749E-28
4600.17216682422  3.984425E-28
4601.24449062336  4.062351E-28
4602.31681442249  3.844737E-28
4603.38913822162  4.216346E-28
4604.46146202076  4.337609E-28
4605.53378581989  4.412047E-28
4606.60610961902  4.063963E-28
4607.67843341816  4.452595E-28
4608.75075721729  4.853235E-28
4609.82308101642  4.137228E-28
4610.89540481555  4.044250E-28
4611.96772861469  4.197706E-28
4613.04005241382  4.331348E-28
4614.11237621296  3.883648E-28
4615.18470001209  4.048168E-28
4616.25702381122  4.275747E-28
4617.32934761036  4.534253E-28
4618.40167140949  4.270610E-28
4619.47399520862  4.417586E-28
4620.54631900776  4.273549E-28
4621.61864280689  4.124526E-28
4622.69096660602  4.585632E-28
4623.76329040515  4.293729E-28
4624.83561420429  3.660629E-28
4625.90793800342  4.168623E-28
4626.98026180255  3.633518E-28
4628.05258560169  3.788267E-28
4629.12490940082  4.028015E-28
4630.19723319996  3.865704E-28
4631.26955699909  3.439179E-28
4632.34188079822  3.381357E-28
4633.41420459736  4.073221E-28
4634.48652839649  4.261266E-28
4635.55885219562  4.219257E-28
4636.63117599476  3.976056E-28
4637.70349979389  4.025410E-28
4638.77582359302  3.659387E-28
4639.84814739215  3.755321E-28
4640.92047119129  3.726262E-28
4641.99279499042  3.837272E-28
4643.06511878955  3.710710E-28
4644.13744258869  3.227018E-28
4645.20976638782  3.596604E-28
4646.28209018695  3.792259E-28
4647.35441398609  3.798899E-28
4648.42673778522  3.789224E-28
4649.49906158436  3.813509E-28
4650.57138538349  3.818640E-28
4651.64370918262  3.346898E-28
4652.71603298175  3.614298E-28
4653.78835678089  3.690005E-28
4654.86068058002  3.497372E-28
4655.93300437915  4.183718E-28
4657.00532817829  3.928646E-28
4658.07765197742  4.074605E-28
4659.14997577655  4.286724E-28
4660.22229957569  4.158548E-28
4661.29462337482  3.945287E-28
4662.36694717395  3.611300E-28
4663.43927097309  3.973509E-28
4664.51159477222  3.965353E-28
4665.58391857135  3.764834E-28
4666.65624237049  3.984955E-28
4667.72856616962  3.961142E-28
4668.80088996875  4.092802E-28
4669.87321376789  4.108543E-28
4670.94553756702  4.146151E-28
4672.01786136615  4.282906E-28
4673.09018516529  3.490811E-28
4674.16250896442  4.063829E-28
4675.23483276355  4.285769E-28
4676.30715656269  4.084602E-28
4677.37948036182  4.233982E-28
4678.45180416095  3.982388E-28
4679.52412796009  4.098691E-28
4680.59645175922  4.200810E-28
4681.66877555835  4.465213E-28
4682.74109935749  4.339826E-28
4683.81342315662  3.568473E-28
4684.88574695575  3.848398E-28
4685.95807075489  4.179827E-28
4687.03039455402  3.833780E-28
4688.10271835315  4.340701E-28
4689.17504215229  4.351938E-28
4690.24736595142  4.183761E-28
4691.31968975055  4.511424E-28
4692.39201354969  4.116249E-28
4693.46433734882  4.063379E-28
4694.53666114795  3.611959E-28
4695.60898494709  3.987192E-28
4696.68130874622  4.004173E-28
4697.75363254535  4.420045E-28
4698.82595634449  4.710243E-28
4699.89828014362  4.359757E-28
4700.97060394275  4.214471E-28
4702.04292774189  4.033394E-28
4703.11525154102  4.578483E-28
4704.18757534015  3.733588E-28
4705.25989913929  4.104550E-28
4706.33222293842  5.021199E-28
4707.40454673755  4.262309E-28
4708.47687053669  4.152888E-28
4709.54919433582  4.765500E-28
4710.62151813495  4.512503E-28
4711.69384193409  4.613236E-28
4712.76616573322  4.545554E-28
4713.83848953235  4.332282E-28
4714.91081333149  4.822603E-28
4715.98313713062  4.654760E-28
4717.05546092975  4.801820E-28
4718.12778472889  5.148326E-28
4719.20010852802  4.993688E-28
4720.27243232715  4.751770E-28
4721.34475612629  5.012699E-28
4722.41707992542  4.668516E-28
4723.48940372455  4.531925E-28
4724.56172752368  4.282651E-28
4725.63405132282  4.211265E-28
4726.70637512195  4.587218E-28
4727.77869892109  4.019801E-28
4728.85102272022  3.936294E-28
4729.92334651935  4.294678E-28
4730.99567031849  4.237534E-28
4732.06799411762  4.093099E-28
4733.14031791675  4.223305E-28
4734.21264171589  4.306100E-28
4735.28496551502  4.353851E-28
4736.35728931415  3.979553E-28
4737.42961311329  3.873962E-28
4738.50193691242  3.637702E-28
4739.57426071155  3.488419E-28
4740.64658451068  4.183383E-28
4741.71890830982  3.615977E-28
4742.79123210895  3.713298E-28
4743.86355590809  3.975078E-28
4744.93587970722  4.259562E-28
4746.00820350635  4.078541E-28
4747.08052730549  4.465122E-28
4748.15285110462  4.444046E-28
4749.22517490375  3.964547E-28
4750.29749870289  3.991196E-28
4751.36982250202  4.068639E-28
4752.44214630115  3.500751E-28
4753.51447010028  3.988601E-28
4754.58679389942  4.130143E-28
4755.65911769855  3.975269E-28
4756.73144149768  4.211908E-28
4757.80376529682  3.539427E-28
4758.87608909595  4.002970E-28
4759.94841289508  3.718901E-28
4761.02073669422  3.835439E-28
4762.09306049335  3.704776E-28
4763.16538429249  3.507901E-28
4764.23770809162  3.734055E-28
4765.31003189075  3.829323E-28
4766.38235568988  3.934830E-28
4767.45467948902  3.832468E-28
4768.52700328815  3.827250E-28
4769.59932708728  3.874364E-28
4770.67165088642  3.678763E-28
4771.74397468555  3.715508E-28
4772.81629848468  3.762548E-28
4773.88862228382  3.644873E-28
4774.96094608295  4.156136E-28
4776.03326988208  3.779608E-28
4777.10559368122  4.097746E-28
4778.17791748035  4.083240E-28
4779.25024127948  3.626249E-28
4780.32256507862  3.646598E-28
4781.39488887775  4.014515E-28
4782.46721267688  3.679087E-28
4783.53953647602  3.721392E-28
4784.61186027515  3.973666E-28
4785.68418407428  3.580399E-28
4786.75650787342  4.224491E-28
4787.82883167255  4.282096E-28
4788.90115547168  3.468097E-28
4789.97347927082  3.346360E-28
4791.04580306995  3.468286E-28
4792.11812686908  3.809813E-28
4793.19045066822  4.009782E-28
4794.26277446735  3.924952E-28
4795.33509826648  3.551657E-28
4796.40742206562  3.637961E-28
4797.47974586475  3.617142E-28
4798.55206966388  3.647093E-28
4799.62439346302  3.726305E-28
4800.69671726215  4.031932E-28
4801.76904106128  3.963054E-28
4802.84136486042  3.673533E-28
4803.91368865955  3.906243E-28
4804.98601245868  3.989861E-28
4806.05833625782  3.759440E-28
4807.13066005695  3.948739E-28
4808.20298385608  4.109997E-28
4809.27530765522  4.046866E-28
4810.34763145435  3.878098E-28
4811.41995525348  3.991106E-28
4812.49227905261  3.995966E-28
4813.56460285175  3.408386E-28
4814.63692665088  3.597031E-28
4815.70925045002  3.881701E-28
4816.78157424915  4.377956E-28
4817.85389804828  3.902658E-28
4818.92622184742  3.398008E-28
4819.99854564655  3.856932E-28
4821.07086944568  3.608170E-28
4822.14319324482  3.617822E-28
4823.21551704395  3.641820E-28
4824.28784084308  3.883134E-28
4825.36016464221  4.173510E-28
4826.43248844135  3.539560E-28
4827.50481224048  3.496516E-28
4828.57713603961  4.458432E-28
4829.64945983875  3.864395E-28
4830.72178363788  3.620409E-28
4831.79410743702  3.568280E-28
4832.86643123615  3.715090E-28
4833.93875503528  3.096062E-28
4835.01107883442  3.732100E-28
4836.08340263355  3.733721E-28
4837.15572643268  2.922207E-28
4838.22805023182  3.585036E-28
4839.30037403095  4.388962E-28
4840.37269783008  3.670951E-28
4841.44502162921  3.196623E-28
4842.51734542835  3.564058E-28
4843.58966922748  4.159777E-28
4844.66199302661  4.181434E-28
4845.73431682575  4.505811E-28
4846.80664062488  4.057549E-28
4847.87896442402  3.543021E-28
4848.95128822315  4.023039E-28
4850.02361202228  4.122827E-28
4851.09593582142  3.699800E-28
4852.16825962055  3.265794E-28
4853.24058341968  3.737423E-28
4854.31290721882  3.523224E-28
4855.38523101795  3.691276E-28
4856.45755481708  3.802023E-28
4857.52987861621  3.303291E-28
4858.60220241535  3.571089E-28
4859.67452621448  3.457218E-28
4860.74685001361  3.115774E-28
4861.81917381275  3.664790E-28
4862.89149761188  4.055610E-28
4863.96382141102  3.827688E-28
4865.03614521015  4.209048E-28
4866.10846900928  3.975957E-28
4867.18079280841  3.808646E-28
4868.25311660755  3.872836E-28
4869.32544040668  3.414995E-28
4870.39776420582  3.225438E-28
4871.47008800495  3.570877E-28
4872.54241180408  4.083762E-28
4873.61473560321  4.236344E-28
4874.68705940235  3.640593E-28
4875.75938320148  3.623494E-28
4876.83170700061  3.435177E-28
4877.90403079975  3.535203E-28
4878.97635459888  3.336982E-28
4880.04867839801  3.627226E-28
4881.12100219715  3.851788E-28
4882.19332599628  3.895354E-28
4883.26564979541  4.181172E-28
4884.33797359455  3.843610E-28
4885.41029739368  3.419124E-28
4886.48262119281  3.096848E-28
4887.55494499195  3.575036E-28
4888.62726879108  3.478713E-28
4889.69959259021  3.169296E-28
4890.77191638935  3.279233E-28
4891.84424018848  3.272856E-28
4892.91656398761  3.309844E-28
4893.98888778675  3.727159E-28
4895.06121158588  3.873204E-28
4896.13353538501  3.995721E-28
4897.20585918415  3.989943E-28
4898.27818298328  3.939785E-28
4899.35050678241  3.413287E-28
4900.42283058155  3.260634E-28
4901.49515438068  3.603146E-28
4902.56747817981  2.820068E-28
4903.63980197895  2.774030E-28
4904.71212577808  2.974726E-28
4905.78444957721  3.269711E-28
4906.85677337635  3.615853E-28
4907.92909717548  3.264255E-28
4909.00142097461  3.469262E-28
4910.07374477375  3.721132E-28
4911.14606857288  3.541063E-28
4912.21839237201  3.573342E-28
4913.29071617115  3.771727E-28
4914.36303997028  3.216165E-28
4915.43536376941  3.359870E-28
4916.50768756855  3.523885E-28
4917.58001136768  3.801292E-28
4918.65233516681  3.052613E-28
4919.72465896595  3.005816E-28
4920.79698276508  3.647575E-28
4921.86930656421  2.808689E-28
4922.94163036335  3.967819E-28
4924.01395416248  3.945781E-28
4925.08627796161  4.117437E-28
4926.15860176074  3.308352E-28
4927.23092555988  3.407837E-28
4928.30324935901  4.011935E-28
4929.37557315815  3.564192E-28
4930.44789695728  3.430044E-28
4931.52022075641  3.528841E-28
4932.59254455555  3.519700E-28
4933.66486835468  3.940078E-28
4934.73719215381  3.193788E-28
4935.80951595295  3.951131E-28
4936.88183975208  3.935656E-28
4937.95416355121  3.915774E-28
4939.02648735035  4.202845E-28
4940.09881114948  3.727615E-28
4941.17113494861  3.256576E-28
4942.24345874774  3.527573E-28
4943.31578254688  3.584031E-28
4944.38810634601  4.122362E-28
4945.46043014515  3.998565E-28
4946.53275394428  3.322357E-28
4947.60507774341  3.330468E-28
4948.67740154255  3.573727E-28
4949.74972534168  3.503419E-28
4950.82204914081  3.240793E-28
4951.89437293995  3.274677E-28
4952.96669673908  3.296953E-28
4954.03902053821  3.338976E-28
4955.11134433735  3.574132E-28
4956.18366813648  3.761966E-28
4957.25599193561  3.828238E-28
4958.32831573474  3.901378E-28
4959.40063953388  3.882260E-28
4960.47296333301  4.010230E-28
4961.54528713215  4.131411E-28
4962.61761093128  4.052842E-28
4963.68993473041  3.619351E-28
4964.76225852955  3.513625E-28
4965.83458232868  3.533417E-28
4966.90690612781  3.423522E-28
4967.97922992695  3.781919E-28
4969.05155372608  4.056057E-28
4970.12387752521  4.009140E-28
4971.19620132435  3.523571E-28
4972.26852512348  3.718106E-28
4973.34084892261  4.197442E-28
4974.41317272174  3.812720E-28
4975.48549652088  3.658381E-28
4976.55782032001  4.052920E-28
4977.63014411914  3.333326E-28
4978.70246791828  3.363169E-28
4979.77479171741  3.954029E-28
4980.84711551654  3.976665E-28
4981.91943931568  3.720749E-28
4982.99176311481  3.532243E-28
4984.06408691394  3.055067E-28
4985.13641071308  4.010011E-28
4986.20873451221  4.098091E-28
4987.28105831134  3.300163E-28
4988.35338211048  3.371938E-28
4989.42570590961  3.825960E-28
4990.49802970874  3.812594E-28
4991.57035350788  3.935325E-28
4992.64267730701  3.894024E-28
4993.71500110614  4.228339E-28
4994.78732490528  3.770665E-28
4995.85964870441  3.984202E-28
4996.93197250354  3.345784E-28
4998.00429630268  3.793975E-28
4999.07662010181  4.138221E-28
5000.14894390094  4.481155E-28
5001.22126770008  3.433728E-28
5002.29359149921  3.210031E-28
5003.36591529834  3.868178E-28
5004.43823909748  3.820879E-28
5005.51056289661  3.931155E-28
5006.58288669574  3.477219E-28
5007.65521049488  3.648830E-28
5008.72753429401  3.829454E-28
5009.79985809315  3.788187E-28
5010.87218189228  4.232603E-28
5011.94450569141  4.091309E-28
5013.01682949054  3.309088E-28
5014.08915328968  3.429911E-28
5015.16147708881  3.556594E-28
5016.23380088794  3.904315E-28
5017.30612468708  3.315042E-28
5018.37844848621  3.169538E-28
5019.45077228534  3.417265E-28
5020.52309608448  3.385398E-28
5021.59541988361  3.966110E-28
5022.66774368274  4.238926E-28
5023.74006748188  4.143111E-28
5024.81239128101  3.441704E-28
5025.88471508014  3.209908E-28
5026.95703887928  3.835712E-28
5028.02936267841  3.746545E-28
5029.10168647754  3.407565E-28
5030.17401027668  3.615241E-28
5031.24633407581  3.977917E-28
5032.31865787494  3.954405E-28
5033.39098167408  3.653855E-28
5034.46330547321  3.381951E-28
5035.53562927234  3.572419E-28
5036.60795307148  3.620752E-28
5037.68027687061  3.932913E-28
5038.75260066974  4.104846E-28
5039.82492446888  4.089503E-28
5040.89724826801  3.577653E-28
5041.96957206714  3.792059E-28
5043.04189586628  3.799747E-28
5044.11421966541  3.568353E-28
5045.18654346454  3.439030E-28
5046.25886726368  3.949076E-28
5047.33119106281  4.423299E-28
5048.40351486194  3.679961E-28
5049.47583866108  3.142700E-28
5050.54816246021  3.491503E-28
5051.62048625934  3.721560E-28
5052.69281005848  3.803061E-28
5053.76513385761  3.570876E-28
5054.83745765674  3.294288E-28
5055.90978145588  3.637817E-28
5056.98210525501  3.851039E-28
5058.05442905414  3.720246E-28
5059.12675285328  3.798585E-28
5060.19907665241  4.099824E-28
5061.27140045154  3.431679E-28
5062.34372425068  3.152196E-28
5063.41604804981  3.587544E-28
5064.48837184894  3.782487E-28
5065.56069564808  4.003523E-28
5066.63301944721  3.236214E-28
5067.70534324634  3.215999E-28
5068.77766704548  3.780006E-28
5069.84999084461  3.245406E-28
5070.92231464374  3.077522E-28
5071.99463844288  3.264566E-28
5073.06696224201  3.633629E-28
5074.13928604114  3.402807E-28
5075.21160984027  3.620739E-28
5076.28393363941  4.392895E-28
5077.35625743854  3.848407E-28
5078.42858123768  3.144677E-28
5079.50090503681  3.533417E-28
5080.57322883594  3.381799E-28
5081.64555263507  3.161542E-28
5082.71787643421  3.847601E-28
5083.79020023334  4.044296E-28
5084.86252403248  4.263122E-28
5085.93484783161  3.431846E-28
5087.00717163074  3.750752E-28
5088.07949542988  3.180519E-28
5089.15181922901  3.723066E-28
5090.22414302814  3.829029E-28
5091.29646682727  3.037967E-28
5092.36879062641  3.618979E-28
5093.44111442554  3.685485E-28
5094.51343822468  3.972906E-28
5095.58576202381  3.360055E-28
5096.65808582294  3.333739E-28
5097.73040962207  3.264566E-28
5098.80273342121  4.082400E-28
5099.87505722034  3.991845E-28
5100.94738101947  3.779001E-28
5102.01970481861  3.536997E-28
5103.09202861774  3.307608E-28
5104.16435241688  3.346456E-28
5105.23667621601  3.031167E-28
5106.30900001514  3.310459E-28
5107.38132381427  3.091497E-28
5108.45364761341  3.346792E-28
5109.52597141254  3.435410E-28
5110.59829521168  3.471435E-28
5111.67061901081  3.295061E-28
5112.74294280994  3.778787E-28
5113.81526660907  3.268483E-28
5114.88759040821  3.645540E-28
5115.95991420734  3.474600E-28
5117.03223800647  3.255221E-28
5118.10456180561  3.275949E-28
5119.17688560474  3.475624E-28
5120.24920940387  3.481281E-28
5121.32153320301  3.622916E-28
5122.39385700214  3.866255E-28
5123.46618080127  3.574284E-28
5124.53850460041  2.879861E-28
5125.61082839954  3.396097E-28
5126.68315219867  2.965254E-28
5127.75547599781  3.010336E-28
5128.82779979694  3.640490E-28
5129.90012359607  4.349130E-28
5130.97244739521  4.601874E-28
5132.04477119434  4.584665E-28
5133.11709499347  4.434454E-28
5134.18941879261  4.966792E-28
5135.26174259174  4.703490E-28
5136.33406639087  4.494094E-28
5137.40639019001  4.409031E-28
5138.47871398914  3.988329E-28
5139.55103778827  3.779801E-28
5140.62336158741  3.811768E-28
5141.69568538654  3.579315E-28
5142.76800918567  3.552016E-28
5143.84033298481  3.226273E-28
5144.91265678394  3.233388E-28
5145.98498058307  3.813504E-28
5147.05730438221  3.451442E-28
5148.12962818134  3.146193E-28
5149.20195198047  3.489505E-28
5150.27427577961  3.620377E-28
5151.34659957874  3.899592E-28
5152.41892337787  3.658780E-28
5153.49124717701  3.775207E-28
5154.56357097614  3.991935E-28
5155.63589477527  3.222076E-28
5156.70821857441  3.718783E-28
5157.78054237354  4.352398E-28
5158.85286617267  3.593187E-28
5159.92518997181  3.517787E-28
5160.99751377094  3.761491E-28
5162.06983757007  3.122090E-28
5163.14216136921  3.199493E-28
5164.21448516834  3.736585E-28
5165.28680896747  3.354175E-28
5166.35913276661  3.320066E-28
5167.43145656574  3.205922E-28
5168.50378036487  3.418672E-28
5169.57610416401  4.114463E-28
5170.64842796314  3.626111E-28
5171.72075176227  3.558226E-28
5172.79307556141  4.208566E-28
5173.86539936054  3.875523E-28
5174.93772315967  3.211105E-28
5176.01004695881  3.962641E-28
5177.08237075794  3.474938E-28
5178.15469455707  3.134080E-28
5179.22701835621  3.558891E-28
5180.29934215534  3.956727E-28
5181.37166595447  3.794355E-28
5182.4439897536  3.994454E-28
5183.51631355274  4.110942E-28
5184.58863735187  3.640889E-28
5185.660961151  3.287293E-28
5186.73328495014  3.866819E-28
5187.80560874927  3.411410E-28
5188.87793254841  3.408505E-28
5189.95025634754  3.560981E-28
5191.02258014667  3.174163E-28
5192.09490394581  3.307643E-28
5193.16722774494  3.122485E-28
5194.23955154407  3.095493E-28
5195.31187534321  3.589847E-28
5196.38419914234  3.493297E-28
5197.45652294147  2.992779E-28
5198.5288467406  3.323647E-28
5199.60117053974  3.846670E-28
5200.67349433887  4.101065E-28
5201.745818138  3.767039E-28
5202.81814193714  3.882702E-28
5203.89046573627  3.577239E-28
5204.96278953541  3.552584E-28
5206.03511333454  3.560722E-28
5207.10743713367  3.913217E-28
5208.1797609328  3.504468E-28
5209.25208473194  2.456489E-28
5210.32440853107  3.384235E-28
5211.39673233021  3.648059E-28
5212.46905612934  3.495995E-28
5213.54137992847  3.448622E-28
5214.6137037276  3.258309E-28
5215.68602752674  3.265571E-28
5216.75835132587  3.623577E-28
5217.830675125  3.799610E-28
5218.90299892414  3.759109E-28
5219.97532272327  3.290266E-28
5221.0476465224  4.159931E-28
5222.11997032154  3.373018E-28
5223.19229412067  3.300451E-28
5224.2646179198  2.706070E-28
5225.33694171894  2.871463E-28
5226.40926551807  3.815357E-28
5227.4815893172  3.876924E-28
5228.55391311634  3.666633E-28
5229.62623691547  3.750395E-28
5230.6985607146  3.160640E-28
5231.77088451374  3.111667E-28
5232.84320831287  3.356058E-28
5233.915532112  3.612319E-28
5234.98785591114  3.882225E-28
5236.06017971027  3.374230E-28
5237.1325035094  3.764411E-28
5238.20482730854  3.369679E-28
5239.27715110767  3.581328E-28
5240.3494749068  3.666040E-28
5241.42179870594  3.924017E-28
5242.49412250507  3.360530E-28
5243.5664463042  2.957582E-28
5244.63877010334  3.719762E-28
5245.71109390247  3.357588E-28
5246.7834177016  3.577044E-28
5247.85574150074  3.430454E-28
5248.92806529987  3.713798E-28
5250.000389099  3.612097E-28
5251.07271289814  3.025787E-28
5252.14503669727  3.287808E-28
5253.2173604964  3.180803E-28
5254.28968429554  3.014955E-28
5255.36200809467  4.092156E-28
5256.4343318938  3.792919E-28
5257.50665569294  3.185245E-28
5258.57897949207  3.564338E-28
5259.6513032912  3.729400E-28
5260.72362709034  3.338764E-28
5261.79595088947  2.731454E-28
5262.8682746886  3.294078E-28
5263.94059848774  3.748579E-28
5265.01292228687  3.622822E-28
5266.085246086  3.789666E-28
5267.15756988514  3.833666E-28
5268.22989368427  3.448393E-28
5269.3022174834  2.989977E-28
5270.37454128254  2.850134E-28
5271.44686508167  3.260573E-28
5272.5191888808  2.981663E-28
5273.59151267994  2.705639E-28
5274.66383647907  3.297676E-28
5275.7361602782  3.959578E-28
5276.80848407733  3.782670E-28
5277.88080787647  3.397471E-28
5278.9531316756  3.427619E-28
5280.02545547474  3.318962E-28
5281.09777927387  2.519031E-28
5282.170103073  2.782985E-28
5283.24242687214  3.396035E-28
5284.31475067127  3.059126E-28
5285.3870744704  3.136588E-28
5286.45939826954  3.927944E-28
5287.53172206867  3.841584E-28
5288.6040458678  3.607313E-28
5289.67636966694  4.023205E-28
5290.74869346607  3.146040E-28
5291.8210172652  2.701693E-28
5292.89334106433  3.329214E-28
5293.96566486347  3.799065E-28
5295.0379886626  3.504399E-28
5296.11031246174  3.339355E-28
5297.18263626087  3.808672E-28
5298.25496006  3.936204E-28
5299.32728385914  3.646674E-28
5300.39960765827  3.828456E-28
5301.4719314574  4.132072E-28
5302.54425525653  3.442471E-28
5303.61657905567  3.436880E-28
5304.6889028548  3.369063E-28
5305.76122665394  3.005016E-28
5306.83355045307  4.013417E-28
5307.9058742522  4.674430E-28
5308.97819805133  3.838260E-28
5310.05052185047  3.343850E-28
5311.1228456496  3.650144E-28
5312.19516944874  4.098749E-28
5313.26749324787  3.923164E-28
5314.339817047  3.830311E-28
5315.41214084613  4.271914E-28
5316.48446464527  3.510071E-28
5317.5567884444  3.319532E-28
5318.62911224353  3.709260E-28
5319.70143604267  4.100029E-28
5320.7737598418  4.396077E-28
5321.84608364093  4.069314E-28
5322.91840744007  4.107407E-28
5323.9907312392  4.248132E-28
5325.06305503833  3.972758E-28
5326.13537883747  3.746031E-28
5327.2077026366  3.955268E-28
5328.28002643574  4.237213E-28
5329.35235023487  4.244059E-28
5330.424674034  4.259573E-28
5331.49699783313  5.043923E-28
5332.56932163227  4.920220E-28
5333.6416454314  4.663915E-28
5334.71396923053  4.118087E-28
5335.78629302967  3.460423E-28
5336.8586168288  4.366573E-28
5337.93094062793  4.441172E-28
5339.00326442707  3.195268E-28
5340.0755882262  3.541146E-28
5341.14791202533  4.296393E-28
5342.22023582447  3.709725E-28
5343.2925596236  3.847343E-28
5344.36488342273  3.781534E-28
5345.43720722187  3.487087E-28
5346.509531021  3.864641E-28
5347.58185482013  4.143395E-28
5348.65417861927  3.688175E-28
5349.7265024184  3.432257E-28
5350.79882621753  3.691220E-28
5351.87115001667  4.312574E-28
5352.9434738158  4.081259E-28
5354.01579761493  3.605765E-28
5355.08812141407  3.198121E-28
5356.1604452132  3.179477E-28
5357.23276901233  3.568648E-28
5358.30509281147  3.614064E-28
5359.3774166106  3.116776E-28
5360.44974040973  3.278124E-28
5361.52206420887  3.000511E-28
5362.594388008  3.619660E-28
5363.66671180713  2.662696E-28
5364.73903560627  3.454148E-28
5365.8113594054  3.138395E-28
5366.88368320453  3.108353E-28
5367.95600700367  3.844719E-28
5369.0283308028  3.127824E-28
5370.10065460193  3.439863E-28
5371.17297840107  4.224832E-28
5372.2453022002  3.932354E-28
5373.31762599933  3.075795E-28
5374.38994979847  3.415700E-28
5375.4622735976  3.618952E-28
5376.53459739673  3.149342E-28
5377.60692119587  3.353174E-28
5378.679244995  4.131242E-28
5379.75156879413  3.812597E-28
5380.82389259327  2.868835E-28
5381.8962163924  3.643999E-28
5382.96854019153  4.240522E-28
5384.04086399066  3.996825E-28
5385.1131877898  3.321643E-28
5386.18551158893  2.990132E-28
5387.25783538807  2.415807E-28
5388.3301591872  2.230014E-28
5389.40248298633  1.931145E-28
5390.47480678547  2.870212E-28
5391.5471305846  3.723370E-28
5392.61945438373  4.051428E-28
5393.69177818287  2.390995E-28
5394.764101982  3.094291E-28
5395.83642578113  3.448902E-28
5396.90874958027  3.463893E-28
5397.9810733794  3.934146E-28
5399.05339717853  2.851469E-28
5400.12572097766  2.827792E-28
5401.1980447768  3.826582E-28
5402.27036857593  3.221731E-28
5403.34269237507  2.894121E-28
5404.4150161742  3.580779E-28
5405.48733997333  3.443109E-28
5406.55966377247  3.090929E-28
5407.6319875716  2.944036E-28
5408.70431137073  3.823563E-28
5409.77663516986  4.505627E-28
5410.848958969  3.129695E-28
5411.92128276813  2.987128E-28
5412.99360656727  3.828618E-28
5414.0659303664  3.046987E-28
5415.13825416553  3.507874E-28
5416.21057796466  3.505594E-28
5417.2829017638  2.915522E-28
5418.35522556293  2.088591E-28
5419.42754936207  2.809203E-28
5420.4998731612  2.597100E-28
5421.57219696033  1.749850E-28
5422.64452075946  2.678440E-28
5423.7168445586  4.576348E-28
5424.78916835773  4.433584E-28
5425.86149215686  2.023533E-28
5426.933815956  2.531817E-28
5428.00613975513  3.035855E-28
5429.07846355427  2.685973E-28
5430.1507873534  1.994845E-28
5431.22311115253  3.135256E-28
5432.29543495166  3.034395E-28
5433.3677587508  3.436119E-28
5434.44008254993  3.270632E-28
5435.51240634906  3.079224E-28
5436.5847301482  2.734720E-28
5437.65705394733  2.985646E-28
5438.72937774646  2.802412E-28
5439.8017015456  4.472577E-28
5440.87402534473  3.716869E-28
5441.94634914386  3.021054E-28
5443.018672943  2.688700E-28
5444.09099674213  2.229092E-28
5445.16332054126  2.328154E-28
5446.2356443404  4.060141E-28
5447.30796813953  4.094401E-28
5448.38029193866  3.790821E-28
5449.4526157378  4.214447E-28
5450.52493953693  3.852938E-28
5451.59726333606  3.042273E-28
5452.6695871352  2.864772E-28
5453.74191093433  4.551028E-28
5454.81423473346  3.870226E-28
5455.8865585326  2.931959E-28
5456.95888233173  3.676417E-28
5458.03120613086  4.020213E-28
5459.10352993  4.621529E-28
5460.17585372913  4.302089E-28
5461.24817752826  4.809978E-28
5462.3205013274  3.121163E-28
5463.39282512653  3.591528E-28
5464.46514892566  5.159984E-28
5465.5374727248  5.154057E-28
5466.60979652393  4.708431E-28
5467.68212032306  3.242052E-28
5468.7544441222  4.034552E-28
5469.82676792133  4.313912E-28
5470.89909172046  4.274312E-28
5471.9714155196  3.717464E-28
5473.04373931873  3.750400E-28
5474.11606311786  3.789519E-28
5475.188386917  3.905927E-28
5476.26071071613  4.077108E-28
5477.33303451526  3.366314E-28
5478.4053583144  3.175601E-28
5479.47768211353  4.042507E-28
5480.55000591266  4.870943E-28
5481.6223297118  3.726976E-28
5482.69465351093  2.309350E-28
5483.76697731006  3.637966E-28
5484.8393011092  4.480168E-28
5485.91162490833  4.600455E-28
5486.98394870746  3.992994E-28
5488.0562725066  4.354010E-28
5489.12859630573  3.909353E-28
5490.20092010486  4.251549E-28
5491.273243904  4.640073E-28
5492.34556770313  3.064308E-28
5493.41789150226  2.641584E-28
5494.4902153014  3.268528E-28
5495.56253910053  3.738161E-28
5496.63486289966  5.282966E-28
5497.7071866988  6.129453E-28
5498.77951049793  4.001995E-28
5499.85183429706  4.269268E-28
