3199.71728515613  1.542310E-16
3200.78960895526  1.591788E-16
3201.8619327544  3.999913E-16
3202.93425655353  4.085539E-16
3204.00658035266  3.443158E-16
3205.0789041518  1.581755E-16
3206.15122795093  1.340379E-16
3207.22355175006  1.242230E-16
3208.2958755492  2.754515E-16
3209.36819934833  1.136517E-16
3210.44052314746  3.602886E-17
3211.5128469466  1.016133E-16
3212.58517074573  1.571928E-16
3213.65749454486  2.086661E-16
3214.729818344  1.412128E-16
3215.80214214313  1.362923E-16
3216.87446594226  1.327373E-17
3217.9467897414  2.074744E-16
3219.01911354053  1.853939E-16
3220.09143733966  1.161078E-16
3221.1637611388  2.328503E-16
3222.23608493793  2.775797E-16
3223.30840873706  2.097000E-16
3224.3807325362  3.639827E-16
3225.45305633533  1.944746E-16
3226.52538013446  2.392485E-16
3227.5977039336  2.392930E-16
3228.67002773273  1.853873E-16
3229.74235153186  1.169977E-16
3230.814675331  1.160923E-16
3231.88699913013  2.317414E-16
3232.95932292926  2.354638E-16
3234.0316467284  1.596033E-16
3235.10397052753  2.830615E-16
3236.17629432666  3.029638E-16
3237.2486181258  2.348447E-16
3238.32094192493  3.314605E-16
3239.39326572406  2.653845E-16
3240.4655895232  3.074902E-16
3241.53791332233  2.205037E-16
3242.61023712146  1.810910E-16
3243.6825609206  1.494037E-16
3244.75488471973  1.905283E-16
3245.82720851886  1.791844E-16
3246.899532318  1.416164E-16
3247.97185611713  7.175616E-17
3249.04417991626  1.045758E-16
3250.1165037154  1.917115E-16
3251.18882751453  1.458952E-16
3252.26115131366  1.833892E-16
3253.3334751128  1.475874E-16
3254.40579891193  1.461199E-16
3255.47812271106  2.760150E-16
3256.5504465102  1.832990E-16
3257.62277030933  4.255042E-17
3258.69509410846  1.364605E-16
3259.7674179076  1.569270E-16
3260.83974170673  1.957774E-16
3261.91206550586  1.814551E-16
3262.984389305  1.725480E-16
3264.05671310413  1.311009E-16
3265.12903690326  1.068209E-16
3266.2013607024  1.479783E-16
3267.27368450153  2.085433E-16
3268.34600830066  2.502229E-16
3269.4183320998  2.014475E-16
3270.49065589893  2.573900E-16
3271.56297969806  1.681444E-16
3272.63530349719  8.821652E-17
3273.70762729633  1.574026E-16
3274.77995109546  1.412703E-16
3275.85227489459  1.648062E-16
3276.92459869373  1.589879E-16
3277.99692249286  1.655286E-16
3279.06924629199  1.103201E-16
3280.14157009113  1.776192E-16
3281.21389389026  3.114620E-16
3282.28621768939  2.851282E-16
3283.35854148853  2.161276E-16
3284.43086528766  1.378685E-16
3285.50318908679  1.536395E-16
3286.57551288593  2.309438E-16
3287.64783668506  2.375721E-16
3288.72016048419  2.497079E-16
3289.79248428333  2.133062E-16
3290.86480808246  2.435566E-16
3291.93713188159  1.605878E-16
3293.00945568073  1.482148E-16
3294.08177947986  2.721758E-16
3295.15410327899  2.378867E-16
3296.22642707813  2.141103E-16
3297.29875087726  2.297223E-16
3298.37107467639  2.357476E-16
3299.44339847553  2.553214E-16
3300.51572227466  1.339419E-16
3301.58804607379  1.536694E-16
3302.66036987293  9.410674E-17
3303.73269367206  5.044578E-17
3304.80501747119  1.307857E-16
3305.87734127033  1.360020E-16
3306.94966506946  1.773160E-16
3308.02198886859  1.028600E-16
3309.09431266773  1.786254E-16
3310.16663646686  1.573843E-16
3311.23896026599  1.175078E-16
3312.31128406513  1.207839E-16
3313.38360786426  6.700649E-17
3314.45593166339  1.215850E-16
3315.52825546253  1.757557E-16
3316.60057926166  1.721533E-16
3317.67290306079  1.371089E-16
3318.74522685993  1.148442E-16
3319.81755065906  1.778303E-16
3320.88987445819  2.100388E-16
3321.96219825733  1.603143E-16
3323.03452205646  1.591519E-16
3324.10684585559  1.796394E-16
3325.17916965473  1.654400E-16
3326.25149345386  1.474751E-16
3327.32381725299  2.046006E-16
3328.39614105213  1.701002E-16
3329.46846485126  1.247741E-16
3330.54078865039  1.737561E-16
3331.61311244953  1.323882E-16
3332.68543624866  1.367635E-16
3333.75776004779  2.181632E-16
3334.83008384693  2.114070E-16
3335.90240764606  2.434055E-16
3336.97473144519  2.030553E-16
3338.04705524433  1.591980E-16
3339.11937904346  1.585569E-16
3340.19170284259  1.782770E-16
3341.26402664173  2.137611E-16
3342.33635044086  2.255601E-16
3343.40867423999  2.038266E-16
3344.48099803913  1.697418E-16
3345.55332183826  1.579481E-16
3346.62564563739  1.714094E-16
3347.69796943653  2.754933E-16
3348.77029323566  2.113673E-16
3349.84261703479  2.481337E-16
3350.91494083393  2.008468E-16
3351.98726463306  2.044464E-16
3353.05958843219  1.553349E-16
3354.13191223133  1.523687E-16
3355.20423603046  1.864672E-16
3356.27655982959  1.764622E-16
3357.34888362873  1.545370E-16
3358.42120742786  2.032780E-16
3359.49353122699  1.714431E-16
3360.56585502613  1.223189E-16
3361.63817882526  1.652994E-16
3362.71050262439  1.897191E-16
3363.78282642353  1.670396E-16
3364.85515022266  1.396524E-16
3365.92747402179  1.510212E-16
3366.99979782093  1.804216E-16
3368.07212162006  1.505796E-16
3369.14444541919  1.328010E-16
3370.21676921833  1.222494E-16
3371.28909301746  1.170726E-16
3372.36141681659  1.206994E-16
3373.43374061572  1.304392E-16
3374.50606441486  1.622095E-16
3375.57838821399  1.426916E-16
3376.65071201312  1.036975E-16
3377.72303581226  1.540731E-16
3378.79535961139  1.649769E-16
3379.86768341052  1.708452E-16
3380.94000720966  1.596316E-16
3382.01233100879  1.737206E-16
3383.08465480793  1.773817E-16
3384.15697860706  1.715200E-16
3385.22930240619  1.610312E-16
3386.30162620532  1.616956E-16
3387.37395000446  1.687005E-16
3388.44627380359  1.549418E-16
3389.51859760272  1.235322E-16
3390.59092140186  1.290574E-16
3391.66324520099  1.763665E-16
3392.73556900012  1.602289E-16
3393.80789279926  1.220648E-16
3394.88021659839  1.286318E-16
3395.95254039752  1.261184E-16
3397.02486419666  1.669975E-16
3398.09718799579  1.784836E-16
3399.16951179493  1.364367E-16
3400.24183559406  1.723399E-16
3401.31415939319  1.632768E-16
3402.38648319232  1.911985E-16
3403.45880699146  2.078723E-16
3404.53113079059  1.805397E-16
3405.60345458972  2.019117E-16
3406.67577838886  2.563328E-16
3407.74810218799  2.394353E-16
3408.82042598712  1.752820E-16
3409.89274978626  1.664967E-16
3410.96507358539  1.589662E-16
3412.03739738452  1.775561E-16
3413.10972118366  2.231476E-16
3414.18204498279  1.953596E-16
3415.25436878192  1.769136E-16
3416.32669258106  1.935531E-16
3417.39901638019  1.521786E-16
3418.47134017932  1.438246E-16
3419.54366397846  1.442963E-16
3420.61598777759  1.370254E-16
3421.68831157672  1.471902E-16
3422.76063537586  1.477554E-16
3423.83295917499  1.640195E-16
3424.90528297412  1.127218E-16
3425.97760677326  1.476401E-16
3427.04993057239  1.406357E-16
3428.12225437152  1.076826E-16
3429.19457817066  1.589791E-16
3430.26690196979  1.661030E-16
3431.33922576892  1.476160E-16
3432.41154956806  1.367652E-16
3433.48387336719  1.328843E-16
3434.55619716632  1.580442E-16
3435.62852096546  1.722108E-16
3436.70084476459  1.192392E-16
3437.77316856372  1.399366E-16
3438.84549236286  1.645774E-16
3439.91781616199  1.602433E-16
3440.99013996112  1.680673E-16
3442.06246376026  1.526895E-16
3443.13478755939  1.407223E-16
3444.20711135852  1.513476E-16
3445.27943515766  1.672307E-16
3446.35175895679  1.679887E-16
3447.42408275592  1.495437E-16
3448.49640655506  1.317924E-16
3449.56873035419  1.257667E-16
3450.64105415332  1.395493E-16
3451.71337795246  1.120463E-16
3452.78570175159  1.178558E-16
3453.85802555072  1.473068E-16
3454.93034934986  1.437576E-16
3456.00267314899  1.233608E-16
3457.07499694812  1.236705E-16
3458.14732074726  1.190510E-16
3459.21964454639  1.313257E-16
3460.29196834552  1.627985E-16
3461.36429214466  1.564922E-16
3462.43661594379  1.583641E-16
3463.50893974292  1.608998E-16
3464.58126354206  1.767879E-16
3465.65358734119  1.845528E-16
3466.72591114032  1.593203E-16
3467.79823493946  1.684048E-16
3468.87055873859  1.449098E-16
3469.94288253772  1.329878E-16
3471.01520633686  1.535237E-16
3472.08753013599  1.209459E-16
3473.15985393512  1.273297E-16
3474.23217773426  1.316247E-16
3475.30450153339  1.315917E-16
3476.37682533252  1.689249E-16
3477.44914913166  1.847380E-16
3478.52147293079  1.202811E-16
3479.59379672992  1.406978E-16
3480.66612052906  1.392916E-16
3481.73844432819  1.079200E-16
3482.81076812732  1.288075E-16
3483.88309192646  1.565432E-16
3484.95541572559  1.936246E-16
3486.02773952472  1.168704E-16
3487.10006332386  1.204583E-16
3488.17238712299  1.137654E-16
3489.24471092212  1.297003E-16
3490.31703472126  1.377034E-16
3491.38935852039  1.236804E-16
3492.46168231952  1.237431E-16
3493.53400611866  1.347681E-16
3494.60632991779  1.430482E-16
3495.67865371692  1.361011E-16
3496.75097751605  1.319190E-16
3497.82330131519  1.365222E-16
3498.89562511432  1.223744E-16
3499.96794891346  1.096788E-16
3501.04027271259  9.127863E-17
3502.11259651172  1.354983E-16
3503.18492031085  1.524086E-16
3504.25724410999  1.166977E-16
3505.32956790912  1.329737E-16
3506.40189170825  1.331250E-16
3507.47421550739  1.342792E-16
3508.54653930652  1.128138E-16
3509.61886310565  1.062919E-16
3510.69118690479  9.397715E-17
3511.76351070392  1.235271E-16
3512.83583450305  1.205784E-16
3513.90815830219  1.159167E-16
3514.98048210132  1.359416E-16
3516.05280590045  1.362004E-16
3517.12512969959  1.178378E-16
3518.19745349872  1.088873E-16
3519.26977729785  1.099639E-16
3520.34210109699  1.699305E-16
3521.41442489612  1.676556E-16
3522.48674869525  1.582114E-16
3523.55907249439  1.590430E-16
3524.63139629352  1.688693E-16
3525.70372009266  1.610320E-16
3526.77604389179  1.650202E-16
3527.84836769092  1.606649E-16
3528.92069149005  1.453474E-16
3529.99301528919  1.329155E-16
3531.06533908832  1.625955E-16
3532.13766288745  1.543176E-16
3533.20998668659  1.430712E-16
3534.28231048572  1.622338E-16
3535.35463428485  1.803067E-16
3536.42695808399  1.614131E-16
3537.49928188312  1.292487E-16
3538.57160568225  1.381696E-16
3539.64392948139  1.420196E-16
3540.71625328052  1.696070E-16
3541.78857707965  1.170703E-16
3542.86090087879  1.370266E-16
3543.93322467792  1.633677E-16
3545.00554847705  1.433032E-16
3546.07787227619  1.472372E-16
3547.15019607532  1.528987E-16
3548.22251987445  1.384583E-16
3549.29484367359  1.692662E-16
3550.36716747272  1.425896E-16
3551.43949127185  1.014741E-16
3552.51181507099  1.312895E-16
3553.58413887012  1.242988E-16
3554.65646266925  1.098386E-16
3555.72878646839  1.244955E-16
3556.80111026752  1.197918E-16
3557.87343406665  1.405313E-16
3558.94575786579  1.335714E-16
3560.01808166492  1.273533E-16
3561.09040546405  1.296309E-16
3562.16272926319  1.167301E-16
3563.23505306232  1.137666E-16
3564.30737686145  1.419665E-16
3565.37970066059  1.128270E-16
3566.45202445972  1.163469E-16
3567.52434825885  1.331212E-16
3568.59667205799  9.845464E-17
3569.66899585712  8.358853E-17
3570.74131965625  1.142293E-16
3571.81364345539  1.159677E-16
3572.88596725452  1.156821E-16
3573.95829105365  1.268765E-16
3575.03061485279  1.130654E-16
3576.10293865192  1.202476E-16
3577.17526245105  1.124353E-16
3578.24758625019  1.097032E-16
3579.31991004932  1.148475E-16
3580.39223384845  1.315935E-16
3581.46455764759  1.400692E-16
3582.53688144672  1.270123E-16
3583.60920524585  1.276404E-16
3584.68152904499  1.199234E-16
3585.75385284412  1.506320E-16
3586.82617664325  1.324217E-16
3587.89850044239  1.083524E-16
3588.97082424152  1.093792E-16
3590.04314804065  1.413904E-16
3591.11547183979  1.317124E-16
3592.18779563892  1.256888E-16
3593.26011943805  1.357552E-16
3594.33244323719  1.366713E-16
3595.40476703632  1.273971E-16
3596.47709083545  1.312081E-16
3597.54941463459  1.356931E-16
3598.62173843372  1.329183E-16
3599.69406223285  1.270222E-16
3600.76638603199  1.107858E-16
3601.83870983112  1.218503E-16
3602.91103363025  1.242365E-16
3603.98335742939  1.232940E-16
3605.05568122852  1.404277E-16
3606.12800502765  1.669361E-16
3607.20032882678  1.555082E-16
3608.27265262592  1.387336E-16
3609.34497642505  1.285385E-16
3610.41730022419  1.279184E-16
3611.48962402332  1.559510E-16
3612.56194782245  1.491344E-16
3613.63427162159  1.268730E-16
3614.70659542072  1.462992E-16
3615.77891921985  1.231894E-16
3616.85124301898  1.143350E-16
3617.92356681812  1.236345E-16
3618.99589061725  1.433051E-16
3620.06821441638  1.307824E-16
3621.14053821552  1.174112E-16
3622.21286201465  1.294875E-16
3623.28518581378  1.200998E-16
3624.35750961292  1.188359E-16
3625.42983341205  1.189052E-16
3626.50215721119  1.212931E-16
3627.57448101032  1.197826E-16
3628.64680480945  1.009956E-16
3629.71912860858  1.073020E-16
3630.79145240772  1.062504E-16
3631.86377620685  1.192630E-16
3632.93610000598  1.131853E-16
3634.00842380512  1.007004E-16
3635.08074760425  9.335079E-17
3636.15307140338  1.244795E-16
3637.22539520252  1.095095E-16
3638.29771900165  1.054944E-16
3639.37004280078  1.194143E-16
3640.44236659992  1.188763E-16
3641.51469039905  1.296788E-16
3642.58701419818  1.017359E-16
3643.65933799732  9.711318E-17
3644.73166179645  9.722662E-17
3645.80398559558  8.191363E-17
3646.87630939472  7.190451E-17
3647.94863319385  1.045342E-16
3649.02095699298  1.095799E-16
3650.09328079212  8.639955E-17
3651.16560459125  1.006745E-16
3652.23792839038  1.096838E-16
3653.31025218952  1.119924E-16
3654.38257598865  6.841081E-17
3655.45489978778  7.465926E-17
3656.52722358692  9.702674E-17
3657.59954738605  1.130619E-16
3658.67187118518  1.101614E-16
3659.74419498432  8.470339E-17
3660.81651878345  8.796341E-17
3661.88884258258  9.478483E-17
3662.96116638172  8.662145E-17
3664.03349018085  9.679647E-17
3665.10581397998  8.820955E-17
3666.17813777912  9.227177E-17
3667.25046157825  1.162196E-16
3668.32278537738  1.111152E-16
3669.39510917652  1.170004E-16
3670.46743297565  1.055255E-16
3671.53975677478  1.124260E-16
3672.61208057392  1.242582E-16
3673.68440437305  9.334682E-17
3674.75672817218  8.537144E-17
3675.82905197132  1.074159E-16
3676.90137577045  1.195822E-16
3677.97369956958  1.090492E-16
3679.04602336872  1.042048E-16
3680.11834716785  1.027680E-16
3681.19067096698  1.190328E-16
3682.26299476612  1.165829E-16
3683.33531856525  9.458689E-17
3684.40764236438  1.010361E-16
3685.47996616352  1.355120E-16
3686.55228996265  1.356857E-16
3687.62461376178  1.150646E-16
3688.69693756092  1.046084E-16
3689.76926136005  1.282020E-16
3690.84158515918  1.272432E-16
3691.91390895832  1.136038E-16
3692.98623275745  1.254425E-16
3694.05855655658  1.171147E-16
3695.13088035572  1.261587E-16
3696.20320415485  1.089392E-16
3697.27552795398  9.651263E-17
3698.34785175312  1.305188E-16
3699.42017555225  1.113406E-16
3700.49249935138  9.760378E-17
3701.56482315052  1.074105E-16
3702.63714694965  1.141125E-16
3703.70947074878  1.019372E-16
3704.78179454792  1.119051E-16
3705.85411834705  1.050271E-16
3706.92644214618  1.080578E-16
3707.99876594531  1.147270E-16
3709.07108974445  1.232674E-16
3710.14341354358  1.022448E-16
3711.21573734272  1.068401E-16
3712.28806114185  1.006360E-16
3713.36038494098  1.084741E-16
3714.43270874012  1.159746E-16
3715.50503253925  1.135291E-16
3716.57735633838  1.117085E-16
3717.64968013751  1.034460E-16
3718.72200393665  1.029476E-16
3719.79432773578  9.949604E-17
3720.86665153491  1.034896E-16
3721.93897533405  9.999438E-17
3723.01129913318  9.519441E-17
3724.08362293231  9.699798E-17
3725.15594673145  1.023248E-16
3726.22827053058  8.491902E-17
3727.30059432972  9.916751E-17
3728.37291812885  9.908480E-17
3729.44524192798  9.012236E-17
3730.51756572712  8.778004E-17
3731.58988952625  9.794529E-17
3732.66221332538  9.515328E-17
3733.73453712451  9.399721E-17
3734.80686092365  9.660049E-17
3735.87918472278  9.734236E-17
3736.95150852191  7.608237E-17
3738.02383232105  8.942259E-17
3739.09615612018  7.758518E-17
3740.16847991931  1.096961E-16
3741.24080371845  1.114630E-16
3742.31312751758  1.128793E-16
3743.38545131671  9.720036E-17
3744.45777511585  8.949599E-17
3745.53009891498  8.530061E-17
3746.60242271411  1.039543E-16
3747.67474651325  1.159511E-16
3748.74707031238  9.389671E-17
3749.81939411151  1.006522E-16
3750.89171791065  9.496020E-17
3751.96404170978  1.052696E-16
3753.03636550891  1.007864E-16
3754.10868930805  8.727970E-17
3755.18101310718  8.768085E-17
3756.25333690631  1.000195E-16
3757.32566070545  1.032264E-16
3758.39798450458  1.161465E-16
3759.47030830371  1.123465E-16
3760.54263210285  1.059135E-16
3761.61495590198  9.413115E-17
3762.68727970111  1.014631E-16
3763.75960350025  9.810594E-17
3764.83192729938  9.581524E-17
3765.90425109851  1.035358E-16
3766.97657489765  8.506188E-17
3768.04889869678  1.076952E-16
3769.12122249591  1.214188E-16
3770.19354629505  1.048054E-16
3771.26587009418  1.025308E-16
3772.33819389331  1.118877E-16
3773.41051769245  1.163074E-16
3774.48284149158  1.020070E-16
3775.55516529071  1.119915E-16
3776.62748908985  1.286706E-16
3777.69981288898  1.305682E-16
3778.77213668811  1.205700E-16
3779.84446048725  1.207990E-16
3780.91678428638  1.181762E-16
3781.98910808551  1.216264E-16
3783.06143188465  1.206356E-16
3784.13375568378  1.247072E-16
3785.20607948291  1.227175E-16
3786.27840328205  1.341848E-16
3787.35072708118  1.354797E-16
3788.42305088031  1.279918E-16
3789.49537467945  1.278256E-16
3790.56769847858  1.146893E-16
3791.64002227771  1.141906E-16
3792.71234607685  1.304669E-16
3793.78466987598  1.340451E-16
3794.85699367511  1.251001E-16
3795.92931747425  1.241688E-16
3797.00164127338  1.348353E-16
3798.07396507251  1.268982E-16
3799.14628887165  1.401660E-16
3800.21861267078  1.190353E-16
3801.29093646991  1.203926E-16
3802.36326026905  1.282578E-16
3803.43558406818  1.246951E-16
3804.50790786731  1.252820E-16
3805.58023166645  1.511219E-16
3806.65255546558  1.469440E-16
3807.72487926471  1.373041E-16
3808.79720306385  1.417378E-16
3809.86952686298  1.340372E-16
3810.94185066211  1.432145E-16
3812.01417446125  1.423116E-16
3813.08649826038  1.431888E-16
3814.15882205951  1.579573E-16
3815.23114585865  1.557599E-16
3816.30346965778  1.411697E-16
3817.37579345691  1.449584E-16
3818.44811725605  1.416514E-16
3819.52044105518  1.370517E-16
3820.59276485431  1.316404E-16
3821.66508865345  1.398521E-16
3822.73741245258  1.327574E-16
3823.80973625171  1.500243E-16
3824.88206005085  1.623510E-16
3825.95438384998  1.517057E-16
3827.02670764911  1.556576E-16
3828.09903144825  1.692111E-16
3829.17135524738  1.478670E-16
3830.24367904651  1.569506E-16
3831.31600284565  1.716645E-16
3832.38832664478  1.766667E-16
3833.46065044391  1.595708E-16
3834.53297424305  1.650085E-16
3835.60529804218  1.652582E-16
3836.67762184131  1.667064E-16
3837.74994564045  1.724583E-16
3838.82226943958  1.618940E-16
3839.89459323871  1.544677E-16
3840.96691703784  1.695097E-16
3842.03924083698  1.879620E-16
3843.11156463611  1.891554E-16
3844.18388843524  1.768365E-16
3845.25621223438  1.688800E-16
3846.32853603351  1.913728E-16
3847.40085983264  1.872301E-16
3848.47318363178  1.866826E-16
3849.54550743091  1.851101E-16
3850.61783123004  1.862315E-16
3851.69015502918  1.950088E-16
3852.76247882831  1.925722E-16
3853.83480262744  1.994913E-16
3854.90712642658  2.159367E-16
3855.97945022571  2.051702E-16
3857.05177402484  2.130636E-16
3858.12409782398  2.129310E-16
3859.19642162311  2.110356E-16
3860.26874542224  2.115661E-16
3861.34106922138  2.024708E-16
3862.41339302051  2.009569E-16
3863.48571681964  1.897497E-16
3864.55804061878  1.844510E-16
3865.63036441791  2.017278E-16
3866.70268821704  1.905657E-16
3867.77501201618  1.933022E-16
3868.84733581531  1.883352E-16
3869.91965961444  1.762761E-16
3870.99198341358  1.750967E-16
3872.06430721271  1.692197E-16
3873.13663101184  1.663799E-16
3874.20895481098  1.657585E-16
3875.28127861011  1.700313E-16
3876.35360240924  1.796337E-16
3877.42592620838  1.686571E-16
3878.49825000751  1.625755E-16
3879.57057380664  1.670916E-16
3880.64289760578  1.717404E-16
3881.71522140491  1.831212E-16
3882.78754520404  1.831485E-16
3883.85986900318  1.704007E-16
3884.93219280231  1.681074E-16
3886.00451660144  1.769997E-16
3887.07684040058  1.795378E-16
3888.14916419971  1.736457E-16
3889.22148799884  1.686589E-16
3890.29381179798  1.703437E-16
3891.36613559711  1.701370E-16
3892.43845939624  1.660463E-16
3893.51078319538  1.797945E-16
3894.58310699451  1.704091E-16
3895.65543079364  1.449488E-16
3896.72775459278  1.509135E-16
3897.80007839191  1.693787E-16
3898.87240219104  1.699079E-16
3899.94472599018  1.575227E-16
3901.01704978931  1.568765E-16
3902.08937358844  1.455117E-16
3903.16169738758  1.416558E-16
3904.23402118671  1.528618E-16
3905.30634498584  1.489781E-16
3906.37866878498  1.432837E-16
3907.45099258411  1.450732E-16
3908.52331638324  1.512538E-16
3909.59564018238  1.444986E-16
3910.66796398151  1.320565E-16
3911.74028778064  1.374995E-16
3912.81261157978  1.352321E-16
3913.88493537891  1.251560E-16
3914.95725917804  1.147069E-16
3916.02958297718  1.294786E-16
3917.10190677631  1.330579E-16
3918.17423057544  1.126301E-16
3919.24655437458  1.290322E-16
3920.31887817371  1.351897E-16
3921.39120197284  1.401802E-16
3922.46352577198  1.299884E-16
3923.53584957111  1.158336E-16
3924.60817337024  1.094649E-16
3925.68049716938  1.162176E-16
3926.75282096851  1.203299E-16
3927.82514476764  1.113670E-16
3928.89746856678  1.176858E-16
3929.96979236591  1.221665E-16
3931.04211616504  1.088362E-16
3932.11443996418  1.146197E-16
3933.18676376331  1.103904E-16
3934.25908756244  9.985350E-17
3935.33141136158  9.701729E-17
3936.40373516071  1.106398E-16
3937.47605895984  1.062794E-16
3938.54838275898  8.854406E-17
3939.62070655811  9.315559E-17
3940.69303035724  1.047783E-16
3941.76535415637  1.019150E-16
3942.83767795551  9.938793E-17
3943.91000175464  9.163787E-17
3944.98232555378  1.061679E-16
3946.05464935291  9.691194E-17
3947.12697315204  9.141735E-17
3948.19929695117  9.622560E-17
3949.27162075031  1.013986E-16
3950.34394454944  9.874885E-17
3951.41626834857  1.069992E-16
3952.48859214771  9.794718E-17
3953.56091594684  9.815422E-17
3954.63323974597  1.007267E-16
3955.70556354511  8.887436E-17
3956.77788734424  9.418702E-17
3957.85021114337  9.489117E-17
3958.92253494251  9.557861E-17
3959.99485874164  9.459215E-17
3961.06718254078  9.062313E-17
3962.13950633991  9.354634E-17
3963.21183013904  8.304516E-17
3964.28415393817  8.524612E-17
3965.35647773731  9.717011E-17
3966.42880153644  8.987903E-17
3967.50112533557  8.589054E-17
3968.57344913471  8.619233E-17
3969.64577293384  8.264066E-17
3970.71809673297  8.414591E-17
3971.79042053211  9.191123E-17
3972.86274433124  8.680258E-17
3973.93506813037  9.482703E-17
3975.00739192951  9.450600E-17
3976.07971572864  8.949844E-17
3977.15203952777  8.641649E-17
3978.22436332691  8.093861E-17
3979.29668712604  9.347528E-17
3980.36901092517  8.988029E-17
3981.44133472431  8.607068E-17
3982.51365852344  7.795109E-17
3983.58598232257  8.248749E-17
3984.65830612171  8.629249E-17
3985.73062992084  8.803512E-17
3986.80295371997  8.942462E-17
3987.87527751911  7.557094E-17
3988.94760131824  7.097399E-17
3990.01992511737  7.867844E-17
3991.09224891651  8.354728E-17
3992.16457271564  9.033391E-17
3993.23689651477  9.547665E-17
3994.30922031391  8.820538E-17
3995.38154411304  8.704184E-17
3996.45386791217  9.444339E-17
3997.52619171131  7.942409E-17
3998.59851551044  7.304687E-17
3999.67083930957  7.752246E-17
4000.74316310871  8.467733E-17
4001.81548690784  7.990777E-17
4002.88781070697  8.073420E-17
4003.96013450611  7.390223E-17
4005.03245830524  7.831675E-17
4006.10478210437  7.872129E-17
4007.17710590351  8.248721E-17
4008.24942970264  8.365265E-17
4009.32175350177  8.031797E-17
4010.39407730091  7.846737E-17
4011.46640110004  8.623936E-17
4012.53872489917  8.814193E-17
4013.61104869831  7.701946E-17
4014.68337249744  7.711755E-17
4015.75569629657  8.002335E-17
4016.82802009571  7.504386E-17
4017.90034389484  6.923645E-17
4018.97266769397  7.363714E-17
4020.04499149311  7.343373E-17
4021.11731529224  7.328943E-17
4022.18963909137  7.934311E-17
4023.26196289051  7.747909E-17
4024.33428668964  7.414472E-17
4025.40661048877  7.537511E-17
4026.47893428791  7.602615E-17
4027.55125808704  8.019717E-17
4028.62358188617  7.996358E-17
4029.69590568531  7.824986E-17
4030.76822948444  8.809046E-17
4031.84055328357  8.865041E-17
4032.91287708271  7.940433E-17
4033.98520088184  7.715197E-17
4035.05752468097  8.038454E-17
4036.12984848011  7.798119E-17
4037.20217227924  7.388311E-17
4038.27449607837  7.939505E-17
4039.34681987751  7.584892E-17
4040.41914367664  7.706234E-17
4041.49146747577  8.329398E-17
4042.56379127491  8.050907E-17
4043.63611507404  7.583209E-17
4044.70843887317  6.911702E-17
4045.7807626723  7.991907E-17
4046.85308647144  7.317757E-17
4047.92541027057  7.904400E-17
4048.9977340697  7.952878E-17
4050.07005786884  8.238678E-17
4051.14238166797  8.603752E-17
4052.21470546711  8.226207E-17
4053.28702926624  9.176512E-17
4054.35935306537  8.444176E-17
4055.43167686451  7.415043E-17
4056.50400066364  8.385242E-17
4057.57632446277  6.932544E-17
4058.6486482619  8.219140E-17
4059.72097206104  8.058906E-17
4060.79329586017  8.128480E-17
4061.8656196593  8.402994E-17
4062.93794345844  8.166911E-17
4064.01026725757  7.827017E-17
4065.0825910567  8.993880E-17
4066.15491485584  8.349157E-17
4067.22723865497  7.770607E-17
4068.29956245411  8.390988E-17
4069.37188625324  7.988261E-17
4070.44421005237  7.802961E-17
4071.5165338515  7.901236E-17
4072.58885765064  8.499556E-17
4073.66118144977  7.935449E-17
4074.7335052489  9.663078E-17
4075.80582904804  8.502723E-17
4076.87815284717  8.240111E-17
4077.9504766463  8.643241E-17
4079.02280044544  7.897075E-17
4080.09512424457  8.512013E-17
4081.1674480437  8.640200E-17
4082.23977184284  7.340705E-17
4083.31209564197  7.550515E-17
4084.3844194411  8.655149E-17
4085.45674324024  7.969774E-17
4086.52906703937  8.014120E-17
4087.6013908385  9.750806E-17
4088.67371463764  8.509315E-17
4089.74603843677  7.588786E-17
4090.8183622359  8.878000E-17
4091.89068603504  7.534965E-17
4092.96300983417  7.933562E-17
4094.0353336333  9.015222E-17
4095.10765743244  8.366916E-17
4096.17998123157  8.762982E-17
4097.2523050307  9.149297E-17
4098.32462882984  9.373949E-17
4099.39695262897  7.847579E-17
4100.4692764281  8.089408E-17
4101.54160022724  8.363745E-17
4102.61392402637  7.601166E-17
4103.6862478255  8.302068E-17
4104.75857162464  7.936451E-17
4105.83089542377  7.030368E-17
4106.9032192229  7.710062E-17
4107.97554302204  8.707903E-17
4109.04786682117  7.774583E-17
4110.1201906203  7.808214E-17
4111.19251441944  7.554258E-17
4112.26483821857  7.473719E-17
4113.3371620177  8.184306E-17
4114.40948581684  7.765504E-17
4115.48180961597  7.358992E-17
4116.5541334151  7.700015E-17
4117.62645721424  7.934444E-17
4118.69878101337  7.132217E-17
4119.7711048125  7.765388E-17
4120.84342861164  7.528000E-17
4121.91575241077  6.000745E-17
4122.9880762099  6.501635E-17
4124.06040000904  7.252044E-17
4125.13272380817  7.311171E-17
4126.2050476073  6.851792E-17
4127.27737140644  6.611334E-17
4128.34969520557  7.608569E-17
4129.4220190047  8.135296E-17
4130.49434280384  7.690905E-17
4131.56666660297  7.473540E-17
4132.6389904021  8.049011E-17
4133.71131420124  7.976092E-17
4134.78363800037  7.603539E-17
4135.8559617995  7.230185E-17
4136.92828559864  6.101741E-17
4138.00060939777  6.173880E-17
4139.0729331969  6.406212E-17
4140.14525699604  6.643690E-17
4141.21758079517  7.259991E-17
4142.2899045943  7.111361E-17
4143.36222839344  6.874149E-17
4144.43455219257  7.065661E-17
4145.5068759917  7.824362E-17
4146.57919979083  7.470788E-17
4147.65152358997  7.258140E-17
4148.7238473891  7.410221E-17
4149.79617118824  6.979620E-17
4150.86849498737  7.634533E-17
4151.9408187865  7.540889E-17
4153.01314258564  6.901955E-17
4154.08546638477  6.706545E-17
4155.1577901839  6.920498E-17
4156.23011398304  6.496677E-17
4157.30243778217  6.268179E-17
4158.3747615813  5.790055E-17
4159.44708538044  6.121247E-17
4160.51940917957  6.296687E-17
4161.5917329787  6.016627E-17
4162.66405677783  6.567216E-17
4163.73638057697  7.165620E-17
4164.8087043761  6.212435E-17
4165.88102817523  6.433299E-17
4166.95335197437  7.172175E-17
4168.0256757735  7.027730E-17
4169.09799957264  6.131445E-17
4170.17032337177  6.323101E-17
4171.2426471709  5.688250E-17
4172.31497097003  6.090179E-17
4173.38729476917  6.383610E-17
4174.4596185683  6.899872E-17
4175.53194236744  6.554019E-17
4176.60426616657  6.775338E-17
4177.6765899657  6.711931E-17
4178.74891376483  6.852266E-17
4179.82123756397  6.905357E-17
4180.8935613631  7.391771E-17
4181.96588516223  6.717818E-17
4183.03820896137  6.030034E-17
4184.1105327605  7.276281E-17
4185.18285655963  6.701152E-17
4186.25518035877  6.209853E-17
4187.3275041579  5.762025E-17
4188.39982795703  6.357025E-17
4189.47215175617  6.509752E-17
4190.5444755553  6.935394E-17
4191.61679935443  6.321417E-17
4192.68912315357  7.503375E-17
4193.7614469527  6.164544E-17
4194.83377075183  5.891057E-17
4195.90609455097  6.419092E-17
4196.9784183501  6.160211E-17
4198.05074214923  6.336122E-17
4199.12306594837  6.388856E-17
4200.1953897475  7.029358E-17
4201.26771354663  6.826992E-17
4202.34003734577  6.119309E-17
4203.4123611449  5.888141E-17
4204.48468494403  5.676931E-17
4205.55700874317  6.034558E-17
4206.6293325423  5.949524E-17
4207.70165634143  6.683390E-17
4208.77398014057  6.325613E-17
4209.8463039397  5.995709E-17
4210.91862773883  6.435159E-17
4211.99095153797  6.402990E-17
4213.0632753371  5.835718E-17
4214.13559913623  5.851652E-17
4215.20792293537  5.898818E-17
4216.2802467345  5.326426E-17
4217.35257053363  5.816250E-17
4218.42489433277  6.305788E-17
4219.4972181319  5.267652E-17
4220.56954193103  5.008796E-17
4221.64186573017  6.033427E-17
4222.7141895293  6.666617E-17
4223.78651332843  5.948715E-17
4224.85883712757  5.809168E-17
4225.9311609267  6.853642E-17
4227.00348472583  6.268589E-17
4228.07580852497  5.587952E-17
4229.1481323241  6.117299E-17
4230.22045612323  6.329541E-17
4231.29277992237  5.891921E-17
4232.3651037215  6.285262E-17
4233.43742752063  6.762167E-17
4234.50975131977  6.519208E-17
4235.5820751189  6.285420E-17
4236.65439891803  7.015513E-17
4237.72672271717  7.696746E-17
4238.7990465163  6.473019E-17
4239.87137031543  5.867614E-17
4240.94369411457  5.906538E-17
4242.0160179137  5.753912E-17
4243.08834171283  5.801204E-17
4244.16066551197  5.417235E-17
4245.2329893111  6.308727E-17
4246.30531311023  6.370541E-17
4247.37763690936  5.711595E-17
4248.4499607085  6.141859E-17
4249.52228450763  6.012496E-17
4250.59460830676  6.804867E-17
4251.6669321059  6.653260E-17
4252.73925590503  5.965346E-17
4253.81157970417  6.190965E-17
4254.8839035033  5.638026E-17
4255.95622730243  5.657921E-17
4257.02855110157  5.527191E-17
4258.1008749007  5.641870E-17
4259.17319869983  6.043262E-17
4260.24552249897  6.545321E-17
4261.3178462981  7.433705E-17
4262.39017009723  6.871922E-17
4263.46249389636  5.994878E-17
4264.5348176955  6.616428E-17
4265.60714149463  6.948013E-17
4266.67946529376  6.507333E-17
4267.7517890929  6.008895E-17
4268.82411289203  6.638473E-17
4269.89643669117  5.453124E-17
4270.9687604903  6.742953E-17
4272.04108428943  7.111611E-17
4273.11340808856  6.743571E-17
4274.1857318877  6.664724E-17
4275.25805568683  6.862691E-17
4276.33037948597  7.179809E-17
4277.4027032851  6.909573E-17
4278.47502708423  7.023513E-17
4279.54735088336  6.531648E-17
4280.6196746825  6.742403E-17
4281.69199848163  6.919245E-17
4282.76432228076  7.139396E-17
4283.8366460799  7.304690E-17
4284.90896987903  6.921769E-17
4285.98129367816  6.490968E-17
4287.0536174773  6.077517E-17
4288.12594127643  6.660582E-17
4289.19826507556  6.869229E-17
4290.2705888747  5.680897E-17
4291.34291267383  6.832029E-17
4292.41523647296  7.887532E-17
4293.4875602721  6.966716E-17
4294.55988407123  7.122498E-17
4295.63220787036  7.439985E-17
4296.7045316695  7.334777E-17
4297.77685546863  7.515327E-17
4298.84917926776  7.557102E-17
4299.9215030669  7.584695E-17
4300.99382686603  7.597511E-17
4302.06615066516  7.794328E-17
4303.1384744643  7.545860E-17
4304.21079826343  8.048462E-17
4305.28312206256  7.969477E-17
4306.3554458617  6.987040E-17
4307.42776966083  7.051391E-17
4308.50009345996  7.037781E-17
4309.5724172591  7.659734E-17
4310.64474105823  7.493382E-17
4311.71706485736  7.164180E-17
4312.7893886565  6.965200E-17
4313.86171245563  7.229398E-17
4314.93403625476  7.071217E-17
4316.0063600539  6.314017E-17
4317.07868385303  6.325096E-17
4318.15100765216  6.664113E-17
4319.2233314513  7.353738E-17
4320.29565525043  6.642066E-17
4321.36797904956  7.826833E-17
4322.4403028487  7.914456E-17
4323.51262664783  7.759361E-17
4324.58495044696  7.426180E-17
4325.6572742461  7.200068E-17
4326.72959804523  7.536440E-17
4327.80192184436  7.602344E-17
4328.8742456435  6.584698E-17
4329.94656944263  6.310935E-17
4331.01889324176  7.005581E-17
4332.0912170409  6.761581E-17
4333.16354084003  6.087263E-17
4334.23586463916  5.783137E-17
4335.3081884383  6.771551E-17
4336.38051223743  6.824727E-17
4337.45283603656  6.550759E-17
4338.5251598357  7.425053E-17
4339.59748363483  6.962381E-17
4340.66980743396  7.432592E-17
4341.7421312331  7.068713E-17
4342.81445503223  6.988928E-17
4343.88677883136  6.685581E-17
4344.9591026305  7.708040E-17
4346.03142642963  6.696813E-17
4347.10375022876  6.425760E-17
4348.17607402789  6.513613E-17
4349.24839782703  7.477205E-17
4350.32072162616  5.989413E-17
4351.3930454253  6.801560E-17
4352.46536922443  7.118559E-17
4353.53769302356  7.300836E-17
4354.6100168227  6.655301E-17
4355.68234062183  5.454010E-17
4356.75466442096  5.148532E-17
4357.8269882201  4.225049E-17
4358.89931201923  6.429257E-17
4359.97163581836  5.115688E-17
4361.0439596175  6.469089E-17
4362.11628341663  6.923441E-17
4363.18860721576  5.616384E-17
4364.26093101489  6.584910E-17
4365.33325481403  6.727410E-17
4366.40557861316  6.411961E-17
4367.4779024123  7.027169E-17
4368.55022621143  7.502663E-17
4369.62255001056  7.364798E-17
4370.6948738097  7.414697E-17
4371.76719760883  6.807536E-17
4372.83952140796  6.949816E-17
4373.9118452071  7.533344E-17
4374.98416900623  6.071413E-17
4376.05649280536  6.092193E-17
4377.1288166045  7.447389E-17
4378.20114040363  7.266988E-17
4379.27346420276  6.192479E-17
4380.34578800189  5.544213E-17
4381.41811180103  6.087795E-17
4382.49043560016  6.576456E-17
4383.5627593993  6.877642E-17
4384.63508319843  6.839688E-17
4385.70740699756  6.697096E-17
4386.7797307967  6.648029E-17
4387.85205459583  6.233761E-17
4388.92437839496  6.546174E-17
4389.9967021941  6.534561E-17
4391.06902599323  6.892616E-17
4392.14134979236  7.619350E-17
4393.2136735915  6.864542E-17
4394.28599739063  6.959378E-17
4395.35832118976  7.131784E-17
4396.43064498889  6.566984E-17
4397.50296878803  6.903571E-17
4398.57529258716  7.613817E-17
4399.6476163863  6.116376E-17
4400.71994018543  6.399810E-17
4401.79226398456  7.145354E-17
4402.8645877837  6.720501E-17
4403.93691158283  7.642754E-17
4405.00923538196  8.130366E-17
4406.0815591811  6.374041E-17
4407.15388298023  6.169611E-17
4408.22620677936  5.747463E-17
4409.29853057849  6.307337E-17
4410.37085437763  6.881014E-17
4411.44317817676  7.060287E-17
4412.51550197589  7.020015E-17
4413.58782577503  7.551858E-17
4414.66014957416  6.228781E-17
4415.73247337329  7.063820E-17
4416.80479717243  7.014825E-17
4417.87712097156  7.762041E-17
4418.94944477069  7.386676E-17
4420.02176856983  6.230986E-17
4421.09409236896  6.055638E-17
4422.16641616809  7.201079E-17
4423.23873996723  6.843927E-17
4424.31106376636  5.966162E-17
4425.38338756549  6.288496E-17
4426.45571136463  6.406335E-17
4427.52803516376  6.193592E-17
4428.60035896289  6.678193E-17
4429.67268276203  6.180617E-17
4430.74500656116  6.464953E-17
4431.81733036029  6.756692E-17
4432.88965415943  6.726841E-17
4433.96197795856  7.424888E-17
4435.03430175769  7.057690E-17
4436.10662555683  6.971578E-17
4437.17894935596  6.408634E-17
4438.25127315509  6.107027E-17
4439.32359695423  7.365426E-17
4440.39592075336  6.953980E-17
4441.46824455249  6.882415E-17
4442.54056835163  7.677906E-17
4443.61289215076  7.252916E-17
4444.68521594989  6.382461E-17
4445.75753974903  6.451614E-17
4446.82986354816  6.509680E-17
4447.90218734729  5.833683E-17
4448.97451114643  5.774177E-17
4450.04683494556  6.438724E-17
4451.11915874469  6.634603E-17
4452.19148254383  6.422995E-17
4453.26380634296  6.569927E-17
4454.33613014209  6.693997E-17
4455.40845394123  6.446090E-17
4456.48077774036  6.924040E-17
4457.55310153949  7.234232E-17
4458.62542533863  7.057166E-17
4459.69774913776  7.576279E-17
4460.77007293689  6.461605E-17
4461.84239673603  5.509564E-17
4462.91472053516  6.449002E-17
4463.98704433429  6.750305E-17
4465.05936813343  6.820532E-17
4466.13169193256  6.592572E-17
4467.20401573169  6.290908E-17
4468.27633953083  6.410044E-17
4469.34866332996  7.907377E-17
4470.42098712909  6.313025E-17
4471.49331092823  6.754445E-17
4472.56563472736  6.077903E-17
4473.63795852649  6.429477E-17
4474.71028232563  7.071225E-17
4475.78260612476  6.471716E-17
4476.85492992389  5.584928E-17
4477.92725372303  6.655501E-17
4478.99957752216  6.259333E-17
4480.07190132129  5.515079E-17
4481.14422512043  6.498940E-17
4482.21654891956  6.751528E-17
4483.28887271869  5.964035E-17
4484.36119651783  6.093190E-17
4485.43352031696  6.223561E-17
4486.50584411609  6.219353E-17
4487.57816791523  6.916207E-17
4488.65049171436  6.877515E-17
4489.72281551349  6.994701E-17
4490.79513931263  7.207337E-17
4491.86746311176  6.636943E-17
4492.93978691089  5.410720E-17
4494.01211071003  6.248803E-17
4495.08443450916  6.850688E-17
4496.15675830829  6.037338E-17
4497.22908210743  5.887616E-17
4498.30140590656  5.985631E-17
4499.37372970569  6.744825E-17
4500.44605350483  6.363448E-17
4501.51837730396  6.346625E-17
4502.59070110309  7.451150E-17
4503.66302490223  6.185897E-17
4504.73534870136  5.718057E-17
4505.80767250049  6.305242E-17
4506.87999629962  6.078194E-17
4507.95232009876  6.425613E-17
4509.02464389789  6.607568E-17
4510.09696769703  6.033761E-17
4511.16929149616  6.430805E-17
4512.24161529529  6.406749E-17
4513.31393909443  5.903338E-17
4514.38626289356  5.599194E-17
4515.45858669269  6.141972E-17
4516.53091049183  5.967370E-17
4517.60323429096  6.040384E-17
4518.67555809009  5.823039E-17
4519.74788188923  5.590288E-17
4520.82020568836  6.745308E-17
4521.89252948749  6.540397E-17
4522.96485328662  5.818302E-17
4524.03717708576  6.227315E-17
4525.10950088489  5.945562E-17
4526.18182468403  6.469807E-17
4527.25414848316  6.839369E-17
4528.32647228229  6.066398E-17
4529.39879608143  6.184792E-17
4530.47111988056  5.409310E-17
4531.54344367969  5.157094E-17
4532.61576747883  4.722911E-17
4533.68809127796  5.278759E-17
4534.76041507709  6.637320E-17
4535.83273887623  5.889817E-17
4536.90506267536  6.747037E-17
4537.97738647449  6.006546E-17
4539.04971027362  5.809563E-17
4540.12203407276  5.690923E-17
4541.19435787189  5.687462E-17
4542.26668167103  6.326017E-17
4543.33900547016  5.617907E-17
4544.41132926929  5.911593E-17
4545.48365306842  6.183161E-17
4546.55597686756  6.181818E-17
4547.62830066669  6.305531E-17
4548.70062446583  5.776206E-17
4549.77294826496  6.507499E-17
4550.84527206409  5.882940E-17
4551.91759586322  6.321885E-17
4552.98991966236  5.878700E-17
4554.06224346149  6.284918E-17
4555.13456726062  5.248642E-17
4556.20689105976  5.932827E-17
4557.27921485889  5.999526E-17
4558.35153865802  5.243342E-17
4559.42386245716  5.575758E-17
4560.49618625629  5.715451E-17
4561.56851005542  5.606001E-17
4562.64083385456  6.069448E-17
4563.71315765369  6.170023E-17
4564.78548145282  6.855351E-17
4565.85780525196  6.954438E-17
4566.93012905109  5.087402E-17
4568.00245285022  5.522004E-17
4569.07477664936  4.996160E-17
4570.14710044849  5.893232E-17
4571.21942424762  5.988054E-17
4572.29174804676  5.151265E-17
4573.36407184589  5.194599E-17
4574.43639564502  6.147528E-17
4575.50871944416  6.446373E-17
4576.58104324329  6.658079E-17
4577.65336704242  6.418102E-17
4578.72569084156  5.930585E-17
4579.79801464069  5.734647E-17
4580.87033843982  5.904258E-17
4581.94266223896  6.455419E-17
4583.01498603809  6.679564E-17
4584.08730983722  6.312651E-17
4585.15963363636  5.776388E-17
4586.23195743549  5.832588E-17
4587.30428123462  5.413551E-17
4588.37660503376  5.885375E-17
4589.44892883289  5.991634E-17
4590.52125263202  5.585674E-17
4591.59357643116  5.555438E-17
4592.66590023029  5.576751E-17
4593.73822402942  5.527610E-17
4594.81054782856  5.572004E-17
4595.88287162769  6.446295E-17
4596.95519542682  6.480093E-17
4598.02751922596  5.888541E-17
4599.09984302509  5.472008E-17
4600.17216682422  5.644665E-17
4601.24449062336  5.752379E-17
4602.31681442249  5.441697E-17
4603.38913822162  5.964879E-17
4604.46146202076  6.133573E-17
4605.53378581989  6.235927E-17
4606.60610961902  5.741275E-17
4607.67843341816  6.287381E-17
4608.75075721729  6.849922E-17
4609.82308101642  5.836624E-17
4610.89540481555  5.702801E-17
4611.96772861469  5.916438E-17
4613.04005241382  6.101960E-17
4614.11237621296  5.468703E-17
4615.18470001209  5.697721E-17
4616.25702381122  6.015238E-17
4617.32934761036  6.375949E-17
4618.40167140949  6.002431E-17
4619.47399520862  6.206128E-17
4620.54631900776  6.000990E-17
4621.61864280689  5.789041E-17
4622.69096660602  6.433247E-17
4623.76329040515  6.020939E-17
4624.83561420429  5.130787E-17
4625.90793800342  5.840089E-17
4626.98026180255  5.088067E-17
4628.05258560169  5.302306E-17
4629.12490940082  5.635261E-17
4630.19723319996  5.405681E-17
4631.26955699909  4.807014E-17
4632.34188079822  4.724008E-17
4633.41420459736  5.687960E-17
4634.48652839649  5.947798E-17
4635.55885219562  5.886437E-17
4636.63117599476  5.544574E-17
4637.70349979389  5.610801E-17
4638.77582359302  5.098264E-17
4639.84814739215  5.229502E-17
4640.92047119129  5.186638E-17
4641.99279499042  5.338687E-17
4643.06511878955  5.160221E-17
4644.13744258869  4.485513E-17
4645.20976638782  4.996923E-17
4646.28209018695  5.266325E-17
4647.35441398609  5.273110E-17
4648.42673778522  5.257255E-17
4649.49906158436  5.288508E-17
4650.57138538349  5.293182E-17
4651.64370918262  4.637142E-17
4652.71603298175  5.005319E-17
4653.78835678089  5.107807E-17
4654.86068058002  4.838928E-17
4655.93300437915  5.785884E-17
4657.00532817829  5.430630E-17
4658.07765197742  5.629799E-17
4659.14997577655  5.920153E-17
4660.22229957569  5.740494E-17
4661.29462337482  5.443601E-17
4662.36694717395  4.980483E-17
4663.43927097309  5.477499E-17
4664.51159477222  5.463742E-17
4665.58391857135  5.185070E-17
4666.65624237049  5.485707E-17
4667.72856616962  5.450421E-17
4668.80088996875  5.628995E-17
4669.87321376789  5.648050E-17
4670.94553756702  5.697133E-17
4672.01786136615  5.882343E-17
4673.09018516529  4.792241E-17
4674.16250896442  5.576331E-17
4675.23483276355  5.878178E-17
4676.30715656269  5.599696E-17
4677.37948036182  5.801824E-17
4678.45180416095  5.454564E-17
4679.52412796009  5.611290E-17
4680.59645175922  5.748459E-17
4681.66877555835  6.107473E-17
4682.74109935749  5.933252E-17
4683.81342315662  4.876452E-17
4684.88574695575  5.256573E-17
4685.95807075489  5.706664E-17
4687.03039455402  5.231816E-17
4688.10271835315  5.920883E-17
4689.17504215229  5.933496E-17
4690.24736595142  5.701591E-17
4691.31968975055  6.145317E-17
4692.39201354969  5.604461E-17
4693.46433734882  5.529948E-17
4694.53666114795  4.913354E-17
4695.60898494709  5.421308E-17
4696.68130874622  5.441911E-17
4697.75363254535  6.004364E-17
4698.82595634449  6.395660E-17
4699.89828014362  5.917062E-17
4700.97060394275  5.717271E-17
4702.04292774189  5.469130E-17
4703.11525154102  6.205420E-17
4704.18757534015  5.057989E-17
4705.25989913929  5.558007E-17
4706.33222293842  6.796152E-17
4707.40454673755  5.766372E-17
4708.47687053669  5.615780E-17
4709.54919433582  6.441257E-17
4710.62151813495  6.096518E-17
4711.69384193409  6.229775E-17
4712.76616573322  6.135583E-17
4713.83848953235  5.845048E-17
4714.91081333149  6.503623E-17
4715.98313713062  6.274421E-17
4717.05546092975  6.469706E-17
4718.12778472889  6.933417E-17
4719.20010852802  6.722107E-17
4720.27243232715  6.393550E-17
4721.34475612629  6.741569E-17
4722.41707992542  6.275827E-17
4723.48940372455  6.089443E-17
4724.56172752368  5.751888E-17
4725.63405132282  5.653444E-17
4726.70637512195  6.155352E-17
4727.77869892109  5.391518E-17
4728.85102272022  5.277121E-17
4729.92334651935  5.754972E-17
4730.99567031849  5.675823E-17
4732.06799411762  5.479881E-17
4733.14031791675  5.651640E-17
4734.21264171589  5.759826E-17
4735.28496551502  5.821060E-17
4736.35728931415  5.318217E-17
4737.42961311329  5.174764E-17
4738.50193691242  4.856975E-17
4739.57426071155  4.655548E-17
4740.64658451068  5.580501E-17
4741.71890830982  4.821419E-17
4742.79123210895  4.948945E-17
4743.86355590809  5.295439E-17
4744.93587970722  5.671854E-17
4746.00820350635  5.428360E-17
4747.08052730549  5.940198E-17
4748.15285110462  5.909489E-17
4749.22517490375  5.269493E-17
4750.29749870289  5.302519E-17
4751.36982250202  5.402966E-17
4752.44214630115  4.646739E-17
4753.51447010028  5.291901E-17
4754.58679389942  5.477221E-17
4755.65911769855  5.269457E-17
4756.73144149768  5.580620E-17
4757.80376529682  4.687494E-17
4758.87608909595  5.299006E-17
4759.94841289508  4.920746E-17
4761.02073669422  5.072660E-17
4762.09306049335  4.897640E-17
4763.16538429249  4.635288E-17
4764.23770809162  4.931904E-17
4765.31003189075  5.055458E-17
4766.38235568988  5.192411E-17
4767.45467948902  5.055059E-17
4768.52700328815  5.045905E-17
4769.59932708728  5.105725E-17
4770.67165088642  4.845778E-17
4771.74397468555  4.891981E-17
4772.81629848468  4.951689E-17
4773.88862228382  4.794668E-17
4774.96094608295  5.464757E-17
4776.03326988208  4.967443E-17
4777.10559368122  5.383147E-17
4778.17791748035  5.361682E-17
4779.25024127948  4.759474E-17
4780.32256507862  4.784033E-17
4781.39488887775  5.264348E-17
4782.46721267688  4.822329E-17
4783.53953647602  4.875593E-17
4784.61186027515  5.203778E-17
4785.68418407428  4.686668E-17
4786.75650787342  5.527294E-17
4787.82883167255  5.600154E-17
4788.90115547168  4.533569E-17
4789.97347927082  4.372474E-17
4791.04580306995  4.529758E-17
4792.11812686908  4.973583E-17
4793.19045066822  5.232294E-17
4794.26277446735  5.119311E-17
4795.33509826648  4.630351E-17
4796.40742206562  4.740746E-17
4797.47974586475  4.711509E-17
4798.55206966388  4.748399E-17
4799.62439346302  4.849362E-17
4800.69671726215  5.244758E-17
4801.76904106128  5.152859E-17
4802.84136486042  4.774284E-17
4803.91368865955  5.074458E-17
4804.98601245868  5.180770E-17
4806.05833625782  4.879394E-17
4807.13066005695  5.122799E-17
4808.20298385608  5.329625E-17
4809.27530765522  5.245420E-17
4810.34763145435  5.024428E-17
4811.41995525348  5.168536E-17
4812.49227905261  5.172524E-17
4813.56460285175  4.409973E-17
4814.63692665088  4.651980E-17
4815.70925045002  5.017904E-17
4816.78157424915  5.656896E-17
4817.85389804828  5.040504E-17
4818.92622184742  4.386767E-17
4819.99854564655  4.977015E-17
4821.07086944568  4.653940E-17
4822.14319324482  4.664314E-17
4823.21551704395  4.693167E-17
4824.28784084308  5.001921E-17
4825.36016464221  5.373568E-17
4826.43248844135  4.555305E-17
4827.50481224048  4.497910E-17
4828.57713603961  5.732771E-17
4829.64945983875  4.966736E-17
4830.72178363788  4.651086E-17
4831.79410743702  4.582083E-17
4832.86643123615  4.768486E-17
4833.93875503528  3.972172E-17
4835.01107883442  4.786070E-17
4836.08340263355  4.786026E-17
4837.15572643268  3.744136E-17
4838.22805023182  4.591363E-17
4839.30037403095  5.618462E-17
4840.37269783008  4.697230E-17
4841.44502162921  4.088483E-17
4842.51734542835  4.556414E-17
4843.58966922748  5.315647E-17
4844.66199302661  5.340957E-17
4845.73431682575  5.752737E-17
4846.80664062488  5.178132E-17
4847.87896442402  4.519506E-17
4848.95128822315  5.129551E-17
4850.02361202228  5.254462E-17
4851.09593582142  4.713238E-17
4852.16825962055  4.158511E-17
4853.24058341968  4.756958E-17
4854.31290721882  4.482346E-17
4855.38523101795  4.694074E-17
4856.45755481708  4.832772E-17
4857.52987861621  4.196978E-17
4858.60220241535  4.535225E-17
4859.67452621448  4.388673E-17
4860.74685001361  3.953490E-17
4861.81917381275  4.648066E-17
4862.89149761188  5.141475E-17
4863.96382141102  4.850390E-17
4865.03614521015  5.331292E-17
4866.10846900928  5.033834E-17
4867.18079280841  4.819882E-17
4868.25311660755  4.898957E-17
4869.32544040668  4.317906E-17
4870.39776420582  4.076435E-17
4871.47008800495  4.511028E-17
4872.54241180408  5.156677E-17
4873.61473560321  5.346993E-17
4874.68705940235  4.593031E-17
4875.75938320148  4.569450E-17
4876.83170700061  4.330065E-17
4877.90403079975  4.454189E-17
4878.97635459888  4.202592E-17
4880.04867839801  4.566117E-17
4881.12100219715  4.846676E-17
4882.19332599628  4.899342E-17
4883.26564979541  5.256517E-17
4884.33797359455  4.830017E-17
4885.41029739368  4.294708E-17
4886.48262119281  3.888194E-17
4887.55494499195  4.486605E-17
4888.62726879108  4.363806E-17
4889.69959259021  3.973921E-17
4890.77191638935  4.109966E-17
4891.84424018848  4.100175E-17
4892.91656398761  4.144696E-17
4893.98888778675  4.665227E-17
4895.06121158588  4.845905E-17
4896.13353538501  4.997001E-17
4897.20585918415  4.987589E-17
4898.27818298328  4.922734E-17
4899.35050678241  4.263012E-17
4900.42283058155  4.070574E-17
4901.49515438068  4.496198E-17
4902.56747817981  3.517493E-17
4903.63980197895  3.458556E-17
4904.71212577808  3.707155E-17
4905.78444957721  4.072989E-17
4906.85677337635  4.502199E-17
4907.92909717548  4.062639E-17
4909.00142097461  4.315902E-17
4910.07374477375  4.627217E-17
4911.14606857288  4.401379E-17
4912.21839237201  4.439562E-17
4913.29071617115  4.683992E-17
4914.36303997028  3.992313E-17
4915.43536376941  4.168878E-17
4916.50768756855  4.370479E-17
4917.58001136768  4.712476E-17
4918.65233516681  3.782686E-17
4919.72465896595  3.723074E-17
4920.79698276508  4.516002E-17
4921.86930656421  3.475876E-17
4922.94163036335  4.908211E-17
4924.01395416248  4.878825E-17
4925.08627796161  5.088855E-17
4926.15860176074  4.087105E-17
4927.23092555988  4.208174E-17
4928.30324935901  4.951990E-17
4929.37557315815  4.397421E-17
4930.44789695728  4.230072E-17
4931.52022075641  4.350020E-17
4932.59254455555  4.336866E-17
4933.66486835468  4.852731E-17
4934.73719215381  3.931867E-17
4935.80951595295  4.862118E-17
4936.88183975208  4.840971E-17
4937.95416355121  4.814423E-17
4939.02648735035  5.165133E-17
4940.09881114948  4.579105E-17
4941.17113494861  3.998731E-17
4942.24345874774  4.329607E-17
4943.31578254688  4.396994E-17
4944.38810634601  5.055240E-17
4945.46043014515  4.901302E-17
4946.53275394428  4.070664E-17
4947.60507774341  4.078834E-17
4948.67740154255  4.374858E-17
4949.74972534168  4.286931E-17
4950.82204914081  3.963852E-17
4951.89437293995  4.003562E-17
4952.96669673908  4.029051E-17
4954.03902053821  4.078638E-17
4955.11134433735  4.363998E-17
4956.18366813648  4.591355E-17
4957.25599193561  4.670217E-17
4958.32831573474  4.757385E-17
4959.40063953388  4.732024E-17
4960.47296333301  4.885892E-17
4961.54528713215  5.031358E-17
4962.61761093128  4.933542E-17
4963.68993473041  4.403948E-17
4964.76225852955  4.273457E-17
4965.83458232868  4.295672E-17
4966.90690612781  4.160274E-17
4967.97922992695  4.593815E-17
4969.05155372608  4.924677E-17
4970.12387752521  4.865613E-17
4971.19620132435  4.274467E-17
4972.26852512348  4.508514E-17
4973.34084892261  5.087554E-17
4974.41317272174  4.619256E-17
4975.48549652088  4.430358E-17
4976.55782032001  4.906037E-17
4977.63014411914  4.033232E-17
4978.70246791828  4.067589E-17
4979.77479171741  4.780147E-17
4980.84711551654  4.805442E-17
4981.91943931568  4.494256E-17
4982.99176311481  4.264726E-17
4984.06408691394  3.687010E-17
4985.13641071308  4.837403E-17
4986.20873451221  4.941530E-17
4987.28105831134  3.977667E-17
4988.35338211048  4.062431E-17
4989.42570590961  4.607444E-17
4990.49802970874  4.589375E-17
4991.57035350788  4.735077E-17
4992.64267730701  4.683369E-17
4993.71500110614  5.083269E-17
4994.78732490528  4.531112E-17
4995.85964870441  4.785658E-17
4996.93197250354  4.017092E-17
4998.00429630268  4.553255E-17
4999.07662010181  4.964264E-17
5000.14894390094  5.373347E-17
5001.22126770008  4.115613E-17
5002.29359149921  3.845844E-17
5003.36591529834  4.632365E-17
5004.43823909748  4.573760E-17
5005.51056289661  4.703750E-17
5006.58288669574  4.158819E-17
5007.65521049488  4.362200E-17
5008.72753429401  4.576177E-17
5009.79985809315  4.524926E-17
5010.87218189228  5.053610E-17
5011.94450569141  4.882818E-17
5013.01682949054  3.947579E-17
5014.08915328968  4.089964E-17
5015.16147708881  4.239212E-17
5016.23380088794  4.651683E-17
5017.30612468708  3.947922E-17
5018.37844848621  3.773027E-17
5019.45077228534  4.066184E-17
5020.52309608448  4.026545E-17
5021.59541988361  4.715222E-17
5022.66774368274  5.037414E-17
5023.74006748188  4.921449E-17
5024.81239128101  4.086529E-17
5025.88471508014  3.809678E-17
5026.95703887928  4.550471E-17
5028.02936267841  4.442794E-17
5029.10168647754  4.039096E-17
5030.17401027668  4.283434E-17
5031.24633407581  4.711132E-17
5032.31865787494  4.681292E-17
5033.39098167408  4.323652E-17
5034.46330547321  4.000199E-17
5035.53562927234  4.223687E-17
5036.60795307148  4.279009E-17
5037.68027687061  4.645943E-17
5038.75260066974  4.846984E-17
5039.82492446888  4.826813E-17
5040.89724826801  4.220882E-17
5041.96957206714  4.471934E-17
5043.04189586628  4.479096E-17
5044.11421966541  4.204543E-17
5045.18654346454  4.050441E-17
5046.25886726368  4.649190E-17
5047.33119106281  5.205273E-17
5048.40351486194  4.328685E-17
5049.47583866108  3.695142E-17
5050.54816246021  4.103516E-17
5051.62048625934  4.372042E-17
5052.69281005848  4.465893E-17
5053.76513385761  4.191461E-17
5054.83745765674  3.865165E-17
5055.90978145588  4.266414E-17
5056.98210525501  4.514565E-17
5058.05442905414  4.359388E-17
5059.12675285328  4.449298E-17
5060.19907665241  4.800106E-17
5061.27140045154  4.016133E-17
5062.34372425068  3.687489E-17
5063.41604804981  4.194989E-17
5064.48837184894  4.421066E-17
5065.56069564808  4.677438E-17
5066.63301944721  3.779368E-17
5067.70534324634  3.754169E-17
5068.77766704548  4.410692E-17
5069.84999084461  3.785294E-17
5070.92231464374  3.587964E-17
5071.99463844288  3.804422E-17
5073.06696224201  4.232727E-17
5074.13928604114  3.962172E-17
5075.21160984027  4.214147E-17
5076.28393363941  5.110693E-17
5077.35625743854  4.475344E-17
5078.42858123768  3.655428E-17
5079.50090503681  4.105572E-17
5080.57322883594  3.927744E-17
5081.64555263507  3.670380E-17
5082.71787643421  4.464973E-17
5083.79020023334  4.691249E-17
5084.86252403248  4.942995E-17
5085.93484783161  3.977471E-17
5087.00717163074  4.345246E-17
5088.07949542988  3.683079E-17
5089.15181922901  4.309538E-17
5090.22414302814  4.430325E-17
5091.29646682727  3.513558E-17
5092.36879062641  4.183764E-17
5093.44111442554  4.258856E-17
5094.51343822468  4.589059E-17
5095.58576202381  3.879528E-17
5096.65808582294  3.847524E-17
5097.73040962207  3.766106E-17
5098.80273342121  4.707604E-17
5099.87505722034  4.601245E-17
5100.94738101947  4.354077E-17
5102.01970481861  4.073533E-17
5103.09202861774  3.807746E-17
5104.16435241688  3.850850E-17
5105.23667621601  3.486574E-17
5106.30900001514  3.806228E-17
5107.38132381427  3.552982E-17
5108.45364761341  3.844772E-17
5109.52597141254  3.944920E-17
5110.59829521168  3.984615E-17
5111.67061901081  3.780581E-17
5112.74294280994  4.333764E-17
5113.81526660907  3.746942E-17
5114.88759040821  4.177441E-17
5115.95991420734  3.979892E-17
5117.03223800647  3.727048E-17
5118.10456180561  3.749209E-17
5119.17688560474  3.976064E-17
5120.24920940387  3.980867E-17
5121.32153320301  4.141093E-17
5122.39385700214  4.417385E-17
5123.46618080127  4.082085E-17
5124.53850460041  3.287628E-17
5125.61082839954  3.875338E-17
5126.68315219867  3.382281E-17
5127.75547599781  3.432267E-17
5128.82779979694  4.149009E-17
5129.90012359607  4.954563E-17
5130.97244739521  5.240299E-17
5132.04477119434  5.218522E-17
5133.11709499347  5.045434E-17
5134.18941879261  5.648758E-17
5135.26174259174  5.347070E-17
5136.33406639087  5.106890E-17
5137.40639019001  5.008136E-17
5138.47871398914  4.528378E-17
5139.55103778827  4.289822E-17
5140.62336158741  4.324298E-17
5141.69568538654  4.058896E-17
5142.76800918567  4.026260E-17
5143.84033298481  3.655500E-17
5144.91265678394  3.662036E-17
5145.98498058307  4.317257E-17
5147.05730438221  3.905741E-17
5148.12962818134  3.558829E-17
5149.20195198047  3.945524E-17
5150.27427577961  4.091795E-17
5151.34659957874  4.405533E-17
5152.41892337787  4.131757E-17
5153.49124717701  4.261461E-17
5154.56357097614  4.504229E-17
5155.63589477527  3.634060E-17
5156.70821857441  4.192534E-17
5157.78054237354  4.904827E-17
5158.85286617267  4.047569E-17
5159.92518997181  3.960987E-17
5160.99751377094  4.233636E-17
5162.06983757007  3.512517E-17
5163.14216136921  3.598105E-17
5164.21448516834  4.200366E-17
5165.28680896747  3.768926E-17
5166.35913276661  3.729050E-17
5167.43145656574  3.599351E-17
5168.50378036487  3.836617E-17
5169.57610416401  4.615556E-17
5170.64842796314  4.066041E-17
5171.72075176227  3.988266E-17
5172.79307556141  4.715250E-17
5173.86539936054  4.340311E-17
5174.93772315967  3.594720E-17
5176.01004695881  4.434200E-17
5177.08237075794  3.886849E-17
5178.15469455707  3.504135E-17
5179.22701835621  3.977457E-17
5180.29934215534  4.420254E-17
5181.37166595447  4.237106E-17
5182.4439897536  4.458707E-17
5183.51631355274  4.586836E-17
5184.58863735187  4.060688E-17
5185.660961151  3.664806E-17
5186.73328495014  4.309102E-17
5187.80560874927  3.800032E-17
5188.87793254841  3.795227E-17
5189.95025634754  3.963364E-17
5191.02258014667  3.531378E-17
5192.09490394581  3.678360E-17
5193.16722774494  3.471016E-17
5194.23955154407  3.439589E-17
5195.31187534321  3.987249E-17
5196.38419914234  3.878411E-17
5197.45652294147  3.321343E-17
5198.5288467406  3.687014E-17
5199.60117053974  4.265458E-17
5200.67349433887  4.545673E-17
5201.745818138  4.173714E-17
5202.81814193714  4.300090E-17
5203.89046573627  3.960157E-17
5204.96278953541  3.931243E-17
5206.03511333454  3.938625E-17
5207.10743713367  4.326748E-17
5208.1797609328  3.873209E-17
5209.25208473194  2.713844E-17
5210.32440853107  3.737247E-17
5211.39673233021  4.026933E-17
5212.46905612934  3.857488E-17
5213.54137992847  3.803651E-17
5214.6137037276  3.592268E-17
5215.68602752674  3.598794E-17
5216.75835132587  3.991691E-17
5217.830675125  4.183885E-17
5218.90299892414  4.137589E-17
5219.97532272327  3.620053E-17
5221.0476465224  4.575005E-17
5222.11997032154  3.708052E-17
5223.19229412067  3.626787E-17
5224.2646179198  2.972415E-17
5225.33694171894  3.152793E-17
5226.40926551807  4.187446E-17
5227.4815893172  4.253271E-17
5228.55391311634  4.020916E-17
5229.62623691547  4.111085E-17
5230.6985607146  3.463191E-17
5231.77088451374  3.408132E-17
5232.84320831287  3.674301E-17
5233.915532112  3.953242E-17
5234.98785591114  4.246882E-17
5236.06017971027  3.689660E-17
5237.1325035094  4.114629E-17
5238.20482730854  3.681667E-17
5239.27715110767  3.911309E-17
5240.3494749068  4.002188E-17
5241.42179870594  4.282067E-17
5242.49412250507  3.665664E-17
5243.5664463042  3.224809E-17
5244.63877010334  4.054197E-17
5245.71109390247  3.657964E-17
5246.7834177016  3.895461E-17
5247.85574150074  3.734294E-17
5248.92806529987  4.041083E-17
5250.000389099  3.928813E-17
5251.07271289814  3.289752E-17
5252.14503669727  3.573170E-17
5253.2173604964  3.455467E-17
5254.28968429554  3.273962E-17
5255.36200809467  4.441889E-17
5256.4343318938  4.115398E-17
5257.50665569294  3.454649E-17
5258.57897949207  3.864229E-17
5259.6513032912  4.041530E-17
5260.72362709034  3.616725E-17
5261.79595088947  2.957649E-17
5262.8682746886  3.565411E-17
5263.94059848774  4.055698E-17
5265.01292228687  3.918041E-17
5266.085246086  4.096811E-17
5267.15756988514  4.142690E-17
5268.22989368427  3.724843E-17
5269.3022174834  3.228364E-17
5270.37454128254  3.076119E-17
5271.44686508167  3.517669E-17
5272.5191888808  3.215459E-17
5273.59151267994  2.916605E-17
5274.66383647907  3.553359E-17
5275.7361602782  4.264848E-17
5276.80848407733  4.072645E-17
5277.88080787647  3.656431E-17
5278.9531316756  3.687378E-17
5280.02545547474  3.569038E-17
5281.09777927387  2.707733E-17
5282.170103073  2.990246E-17
5283.24242687214  3.647472E-17
5284.31475067127  3.284285E-17
5285.3870744704  3.366082E-17
5286.45939826954  4.213629E-17
5287.53172206867  4.119316E-17
5288.6040458678  3.866540E-17
5289.67636966694  4.310570E-17
5290.74869346607  3.369386E-17
5291.8210172652  2.892321E-17
5292.89334106433  3.562675E-17
5293.96566486347  4.063827E-17
5295.0379886626  3.747107E-17
5296.11031246174  3.569188E-17
5297.18263626087  4.069158E-17
5298.25496006  4.203709E-17
5299.32728385914  3.892928E-17
5300.39960765827  4.085331E-17
5301.4719314574  4.407534E-17
5302.54425525653  3.670477E-17
5303.61657905567  3.663033E-17
5304.6889028548  3.589303E-17
5305.76122665394  3.200164E-17
5306.83355045307  4.272323E-17
5307.9058742522  4.973968E-17
5308.97819805133  4.082567E-17
5310.05052185047  3.555251E-17
5311.1228456496  3.879342E-17
5312.19516944874  4.354356E-17
5313.26749324787  4.166140E-17
5314.339817047  4.065895E-17
5315.41214084613  4.532829E-17
5316.48446464527  3.722954E-17
5317.5567884444  3.519438E-17
5318.62911224353  3.931051E-17
5319.70143604267  4.343434E-17
5320.7737598418  4.655180E-17
5321.84608364093  4.307422E-17
5322.91840744007  4.345992E-17
5323.9907312392  4.493081E-17
5325.06305503833  4.200137E-17
5326.13537883747  3.958838E-17
5327.2077026366  4.178279E-17
5328.28002643574  4.474320E-17
5329.35235023487  4.479745E-17
5330.424674034  4.494311E-17
5331.49699783313  5.319745E-17
5332.56932163227  5.187191E-17
5333.6416454314  4.915003E-17
5334.71396923053  4.338045E-17
5335.78629302967  3.643788E-17
5336.8586168288  4.596107E-17
5337.93094062793  4.672749E-17
5339.00326442707  3.360529E-17
5340.0755882262  3.722801E-17
5341.14791202533  4.514977E-17
5342.22023582447  3.896897E-17
5343.2925596236  4.039837E-17
5344.36488342273  3.969141E-17
5345.43720722187  3.658619E-17
5346.509531021  4.053118E-17
5347.58185482013  4.343724E-17
5348.65417861927  3.864944E-17
5349.7265024184  3.595319E-17
5350.79882621753  3.865035E-17
5351.87115001667  4.513839E-17
5352.9434738158  4.270017E-17
5354.01579761493  3.771021E-17
5355.08812141407  3.343355E-17
5356.1604452132  3.322533E-17
5357.23276901233  3.727721E-17
5358.30509281147  3.773651E-17
5359.3774166106  3.253102E-17
5360.44974040973  3.420139E-17
5361.52206420887  3.129247E-17
5362.594388008  3.773451E-17
5363.66671180713  2.774718E-17
5364.73903560627  3.598028E-17
5365.8113594054  3.267816E-17
5366.88368320453  3.235241E-17
5367.95600700367  4.000069E-17
5369.0283308028  3.252907E-17
5370.10065460193  3.575996E-17
5371.17297840107  4.390278E-17
5372.2453022002  4.084714E-17
5373.31762599933  3.193693E-17
5374.38994979847  3.545211E-17
5375.4622735976  3.754671E-17
5376.53459739673  3.266146E-17
5377.60692119587  3.476152E-17
5378.679244995  4.281048E-17
5379.75156879413  3.949274E-17
5380.82389259327  2.970495E-17
5381.8962163924  3.771624E-17
5382.96854019153  4.387291E-17
5384.04086399066  4.133512E-17
5385.1131877898  3.433872E-17
5386.18551158893  3.089930E-17
5387.25783538807  2.495442E-17
5388.3301591872  2.302608E-17
5389.40248298633  1.993216E-17
5390.47480678547  2.961289E-17
5391.5471305846  3.839990E-17
5392.61945438373  4.176662E-17
5393.69177818287  2.463924E-17
5394.764101982  3.187403E-17
5395.83642578113  3.551274E-17
5396.90874958027  3.565292E-17
5397.9810733794  4.047702E-17
5399.05339717853  2.932609E-17
5400.12572097766  2.907103E-17
5401.1980447768  3.932344E-17
5402.27036857593  3.309462E-17
5403.34269237507  2.971751E-17
5404.4150161742  3.675368E-17
5405.48733997333  3.532660E-17
5406.55966377247  3.170062E-17
5407.6319875716  3.018211E-17
5408.70431137073  3.918345E-17
5409.77663516986  4.615485E-17
5410.848958969  3.204734E-17
5411.92128276813  3.057537E-17
5412.99360656727  3.917308E-17
5414.0659303664  3.116336E-17
5415.13825416553  3.586293E-17
5416.21057796466  3.582542E-17
5417.2829017638  2.978339E-17
5418.35522556293  2.132746E-17
5419.42754936207  2.867458E-17
5420.4998731612  2.649907E-17
5421.57219696033  1.784724E-17
5422.64452075946  2.730740E-17
5423.7168445586  4.663863E-17
5424.78916835773  4.516583E-17
5425.86149215686  2.060600E-17
5426.933815956  2.577176E-17
5428.00613975513  3.089023E-17
5429.07846355427  2.731933E-17
5430.1507873534  2.028179E-17
5431.22311115253  3.186387E-17
5432.29543495166  3.082663E-17
5433.3677587508  3.489400E-17
5434.44008254993  3.320037E-17
5435.51240634906  3.124504E-17
5436.5847301482  2.773839E-17
5437.65705394733  3.027160E-17
5438.72937774646  2.840258E-17
5439.8017015456  4.531192E-17
5440.87402534473  3.764096E-17
5441.94634914386  3.058235E-17
5443.018672943  2.720718E-17
5444.09099674213  2.254748E-17
5445.16332054126  2.354023E-17
5446.2356443404  4.103637E-17
5447.30796813953  4.136635E-17
5448.38029193866  3.828417E-17
5449.4526157378  4.254570E-17
5450.52493953693  3.888089E-17
5451.59726333606  3.068820E-17
5452.6695871352  2.888634E-17
5453.74191093433  4.587131E-17
5454.81423473346  3.899395E-17
5455.8865585326  2.952894E-17
5456.95888233173  3.701214E-17
5458.03120613086  4.045738E-17
5459.10352993  4.649045E-17
5460.17585372913  4.326004E-17
5461.24817752826  4.834817E-17
5462.3205013274  3.136049E-17
5463.39282512653  3.607241E-17
5464.46514892566  5.180525E-17
5465.5374727248  5.172544E-17
5466.60979652393  4.723467E-17
5467.68212032306  3.251129E-17
5468.7544441222  4.044262E-17
5469.82676792133  4.322598E-17
5470.89909172046  4.281240E-17
5471.9714155196  3.722031E-17
5473.04373931873  3.753535E-17
5474.11606311786  3.791202E-17
5475.188386917  3.906131E-17
5476.26071071613  4.075724E-17
5477.33303451526  3.363854E-17
5478.4053583144  3.172038E-17
5479.47768211353  4.036391E-17
5480.55000591266  4.861671E-17
5481.6223297118  3.718426E-17
5482.69465351093  2.303151E-17
5483.76697731006  3.626781E-17
5484.8393011092  4.464648E-17
5485.91162490833  4.582727E-17
5486.98394870746  3.976052E-17
5488.0562725066  4.333842E-17
5489.12859630573  3.889725E-17
5490.20092010486  4.228551E-17
5491.273243904  4.613170E-17
5492.34556770313  3.045352E-17
5493.41789150226  2.624218E-17
5494.4902153014  3.245774E-17
5495.56253910053  3.710689E-17
5496.63486289966  5.242094E-17
5497.7071866988  6.079660E-17
5498.77951049793  3.967936E-17
5499.85183429706  4.231284E-17
